4.24E-01
4.28E-01
4.32E-01
4.36E-01
4.40E-01
4.44E-01
4.48E-01
4.52E-01
4.56E-01
4.60E-01
4.64E-01
4.88E-01
5.12E-01
5.35E-01
5.59E-01
5.83E-01
6.07E-01
6.31E-01
6.55E-01
6.79E-01
7.02E-01
7.10E-01
7.17E-01
7.25E-01
7.32E-01
7.39E-01
7.47E-01
7.54E-01
7.62E-01
7.69E-01
7.77E-01
7.78E-01
7.80E-01
7.81E-01
7.83E-01
7.85E-01
7.86E-01
7.88E-01
7.90E-01
7.91E-01
7.93E-01
7.87E-01
7.82E-01
7.76E-01
7.70E-01
7.64E-01
7.59E-01
7.53E-01
7.47E-01
7.41E-01
7.36E-01
7.51E-01
7.67E-01
7.82E-01
7.98E-01
8.13E-01
8.28E-01
8.44E-01
8.59E-01
8.75E-01
8.90E-01
9.00E-01
9.11E-01
9.21E-01
9.31E-01
9.42E-01
9.52E-01
9.62E-01
9.73E-01
9.83E-01
9.93E-01
9.94E-01
9.95E-01
9.95E-01
9.96E-01
9.97E-01
9.97E-01
9.98E-01
9.99E-01
9.99E-01
1.00E+00
9.97E-01
9.95E-01
9.92E-01
9.90E-01
9.87E-01
9.85E-01
9.82E-01
9.80E-01
9.77E-01
9.75E-01
9.76E-01
9.77E-01
9.78E-01
9.79E-01
9.79E-01
9.80E-01
9.81E-01
9.82E-01
9.83E-01
9.84E-01
9.78E-01
9.72E-01
9.66E-01
9.60E-01
9.54E-01
9.48E-01
9.42E-01
9.36E-01
9.30E-01
9.24E-01
9.24E-01
9.25E-01
9.25E-01
9.25E-01
9.26E-01
9.26E-01
9.27E-01
9.27E-01
9.28E-01
9.28E-01
9.27E-01
9.26E-01
9.24E-01
9.23E-01
9.22E-01
9.20E-01
9.19E-01
9.18E-01
9.16E-01
9.15E-01
9.12E-01
9.10E-01
9.07E-01
9.05E-01
9.02E-01
9.00E-01
8.97E-01
8.95E-01
8.92E-01
8.89E-01
8.92E-01
8.94E-01
8.97E-01
8.99E-01
9.02E-01
9.04E-01
9.07E-01
9.09E-01
9.12E-01
9.14E-01
9.11E-01
9.08E-01
9.06E-01
9.03E-01
9.00E-01
8.97E-01
8.95E-01
8.92E-01
8.89E-01
8.86E-01
8.86E-01
8.86E-01
8.85E-01
8.85E-01
8.85E-01
8.84E-01
8.84E-01
8.84E-01
8.83E-01
8.83E-01
8.80E-01
8.76E-01
8.73E-01
8.69E-01
8.66E-01
8.63E-01
8.59E-01
8.56E-01
8.52E-01
8.49E-01
8.46E-01
8.43E-01
8.39E-01
8.36E-01
8.33E-01
8.30E-01
8.27E-01
8.24E-01
8.21E-01
8.18E-01
8.17E-01
8.17E-01
8.16E-01
8.16E-01
8.15E-01
8.15E-01
8.14E-01
8.14E-01
8.14E-01
8.13E-01
8.07E-01
8.01E-01
7.95E-01
7.89E-01
7.83E-01
7.77E-01
7.71E-01
7.65E-01
7.59E-01
7.53E-01
7.54E-01
7.55E-01
7.56E-01
7.57E-01
7.58E-01
7.59E-01
7.61E-01
7.62E-01
7.63E-01
7.64E-01
7.64E-01
7.63E-01
7.63E-01
7.63E-01
7.62E-01
7.62E-01
7.62E-01
7.61E-01
7.61E-01
7.61E-01
7.59E-01
7.57E-01
7.56E-01
7.54E-01
7.52E-01
7.51E-01
7.49E-01
7.48E-01
7.46E-01
7.44E-01
7.41E-01
7.37E-01
7.33E-01
7.29E-01
7.26E-01
7.22E-01
7.18E-01
7.14E-01
7.11E-01
7.07E-01
7.07E-01
7.08E-01
7.08E-01
7.08E-01
7.09E-01
7.09E-01
7.09E-01
7.10E-01
7.10E-01
7.10E-01
7.07E-01
7.04E-01
7.01E-01
6.98E-01
6.95E-01
6.92E-01
6.89E-01
6.86E-01
6.82E-01
6.79E-01
6.79E-01
6.80E-01
6.80E-01
6.80E-01
6.80E-01
6.80E-01
6.80E-01
6.81E-01
6.81E-01
6.81E-01
6.83E-01
6.84E-01
6.86E-01
6.88E-01
6.90E-01
6.91E-01
6.93E-01
6.95E-01
6.97E-01
6.98E-01
6.95E-01
6.92E-01
6.88E-01
6.85E-01
6.81E-01
6.78E-01
6.75E-01
6.71E-01
6.68E-01
6.64E-01
6.57E-01
6.50E-01
6.43E-01
6.35E-01
6.28E-01
6.21E-01
6.14E-01
6.06E-01
5.99E-01
5.92E-01
5.93E-01
5.95E-01
5.97E-01
5.98E-01
6.00E-01
6.01E-01
6.03E-01
6.05E-01
6.06E-01
6.08E-01
6.10E-01
6.12E-01
6.15E-01
6.17E-01
6.19E-01
6.22E-01
6.24E-01
6.26E-01
6.29E-01
6.31E-01
6.20E-01
6.09E-01
5.99E-01
5.88E-01
5.77E-01
5.66E-01
5.55E-01
5.45E-01
5.34E-01
5.23E-01
5.30E-01
5.37E-01
5.44E-01
5.51E-01
5.58E-01
5.65E-01
5.72E-01
5.79E-01
5.86E-01
5.93E-01
5.98E-01
6.02E-01
6.06E-01
6.11E-01
6.15E-01
6.20E-01
6.24E-01
6.29E-01
6.33E-01
6.37E-01
6.28E-01
6.18E-01
6.08E-01
5.98E-01
5.89E-01
5.79E-01
5.69E-01
5.59E-01
5.50E-01
5.40E-01
5.25E-01
5.11E-01
4.96E-01
4.81E-01
4.67E-01
4.52E-01
4.38E-01
4.23E-01
4.09E-01
3.94E-01
4.11E-01
4.29E-01
4.46E-01
4.63E-01
4.81E-01
4.98E-01
5.15E-01
5.32E-01
5.50E-01
5.67E-01
5.64E-01
5.61E-01
5.58E-01
5.55E-01
5.53E-01
5.50E-01
5.47E-01
5.44E-01
5.41E-01
5.38E-01
