   2.4246304e-03
   2.6789474e-03
   3.2592236e-03
   3.5831432e-03
   4.0393141e-03
   4.8294673e-03
   5.2243043e-03
   6.0785619e-03
   6.5655042e-03
   7.4634708e-03
   8.0883100e-03
   9.1530282e-03
   1.0470270e-02
   1.1647114e-02
   1.2697457e-02
   1.3876107e-02
   1.5590213e-02
   1.7289833e-02
   1.8727346e-02
   2.0972263e-02
   2.3270367e-02
   2.5405075e-02
   2.8098729e-02
   3.0841750e-02
   3.3460481e-02
   3.6176362e-02
   3.9875563e-02
   4.3252183e-02
   4.6757897e-02
   5.0039261e-02
   5.3726962e-02
   5.8238690e-02
   6.1862808e-02
   6.5947742e-02
   6.9557338e-02
   7.4017462e-02
   7.8648098e-02
   8.3850182e-02
   8.8297720e-02
   9.3476392e-02
   9.7749370e-02
   1.0335739e-01
   1.0966061e-01
   1.1471957e-01
   1.2101361e-01
   1.2680487e-01
   1.3452719e-01
   1.4143109e-01
   1.5036907e-01
   1.5779898e-01
   1.6547254e-01
   1.7332613e-01
   1.8251474e-01
   1.9212284e-01
   2.0112526e-01
   2.1226872e-01
   2.2255447e-01
   2.3213797e-01
   2.4312557e-01
   2.5471049e-01
   2.6527087e-01
   2.7704508e-01
   2.8830757e-01
   2.9929917e-01
   3.1281238e-01
   3.2424238e-01
   3.3495728e-01
   3.4602523e-01
   3.5902001e-01
   3.6871536e-01
   3.7994239e-01
   3.9040140e-01
   4.0080305e-01
   4.1008381e-01
   4.2038703e-01
   4.3015659e-01
   4.3719444e-01
   4.4617809e-01
   4.5475053e-01
   4.6292386e-01
   4.6923780e-01
   4.7818797e-01
   4.8268392e-01
   4.8901893e-01
   4.9526230e-01
   5.0066530e-01
   5.0443862e-01
   5.0777225e-01
   5.1263296e-01
   5.1629388e-01
   5.2021813e-01
   5.2191867e-01
   5.2581769e-01
   5.2865678e-01
   5.3119594e-01
   5.3211610e-01
   5.3348468e-01
   5.3634027e-01
   5.3766809e-01
   5.3716240e-01
   5.3827862e-01
   5.3721869e-01
   5.3991413e-01
   5.4045768e-01
   5.4028782e-01
   5.4024317e-01
   5.4132057e-01
   5.4172920e-01
   5.4326280e-01
   5.4346857e-01
   5.4330550e-01
   5.4436931e-01
   5.4644646e-01
   5.4497499e-01
   5.4684878e-01
   5.4760054e-01
   5.4714143e-01
   5.4669251e-01
   5.4804748e-01
   5.5082108e-01
   5.5059978e-01
   5.5375432e-01
   5.5559949e-01
   5.5872491e-01
   5.5803334e-01
   5.6210804e-01
   5.6318388e-01
   5.6631329e-01
   5.6735574e-01
   5.7030593e-01
   5.7119652e-01
   5.7387788e-01
   5.7654161e-01
   5.7858106e-01
   5.7986150e-01
   5.8376034e-01
   5.8488481e-01
   5.8721189e-01
   5.8941231e-01
   5.9189432e-01
   5.9568936e-01
   5.9712104e-01
   6.0083758e-01
   6.0506523e-01
   6.0893426e-01
   6.1178044e-01
   6.1474086e-01
   6.1889737e-01
   6.2282441e-01
   6.2579050e-01
   6.2962052e-01
   6.3393495e-01
   6.3820484e-01
   6.4446048e-01
   6.5024549e-01
   6.5319037e-01
   6.5905315e-01
   6.6303934e-01
   6.6984151e-01
   6.7376086e-01
   6.7727264e-01
   6.8515900e-01
   6.8799809e-01
   6.9383604e-01
   6.9779076e-01
   7.0274873e-01
   7.0820896e-01
   7.1382814e-01
   7.1970641e-01
   7.2301106e-01
   7.2716198e-01
   7.3216349e-01
   7.3666250e-01
   7.4071468e-01
   7.4603693e-01
   7.5192748e-01
   7.5699606e-01
   7.6049391e-01
   7.6455351e-01
   7.6945068e-01
   7.7420364e-01
   7.8153272e-01
   7.8420805e-01
   7.9006075e-01
   7.9373934e-01
   8.0010596e-01
   8.0420900e-01
   8.0964186e-01
   8.1330932e-01
   8.1860748e-01
   8.2428074e-01
   8.3154242e-01
   8.3583522e-01
   8.4196667e-01
   8.4670898e-01
   8.5190815e-01
   8.5699196e-01
   8.6155023e-01
   8.6780606e-01
   8.7241497e-01
   8.7598018e-01
   8.8106055e-01
   8.8483814e-01
   8.8901688e-01
   8.9448858e-01
   8.9802429e-01
   9.0203834e-01
   9.0320348e-01
   9.0625347e-01
   9.1097496e-01
   9.1402348e-01
   9.1629475e-01
   9.1914121e-01
   9.2159045e-01
   9.2468174e-01
   9.2943813e-01
   9.3227279e-01
   9.3703607e-01
   9.4200534e-01
   9.4358491e-01
   9.4824249e-01
   9.5051376e-01
   9.5635908e-01
   9.5865985e-01
   9.6128755e-01
   9.6512413e-01
   9.6877102e-01
   9.7021728e-01
   9.7192319e-01
   9.7674687e-01
   9.7860967e-01
   9.7876601e-01
   9.8350639e-01
   9.8386359e-01
   9.8629709e-01
   9.8954966e-01
   9.8993309e-01
   9.9154560e-01
   9.9202515e-01
   9.9353763e-01
   9.9538573e-01
   9.9470866e-01
   9.9484133e-01
   9.9291622e-01
   9.9394427e-01
   9.9452873e-01
   9.9503807e-01
   9.9463443e-01
   9.9324496e-01
   9.9630150e-01
   9.9598593e-01
   9.9599129e-01
   9.9908012e-01
   9.9764854e-01
   9.9545592e-01
   9.9783141e-01
   9.9923145e-01
   9.9716281e-01
   9.9851968e-01
   1.0000000e+00
   9.9951963e-01
   9.9687800e-01
   9.9702045e-01
   9.9445780e-01
   9.9538513e-01
   9.9268320e-01
   9.8948292e-01
   9.8813958e-01
   9.8509030e-01
   9.8430358e-01
   9.8316869e-01
   9.7936578e-01
   9.7864906e-01
   9.7619050e-01
   9.7169950e-01
   9.7070309e-01
   9.6859669e-01
   9.6758319e-01
   9.6246824e-01
   9.6010668e-01
   9.5687773e-01
   9.5393006e-01
   9.5062486e-01
   9.4567777e-01
   9.4353999e-01
   9.3790564e-01
   9.3279293e-01
   9.3083930e-01
   9.2493748e-01
   9.2103597e-01
   9.1682715e-01
   9.1397661e-01
   9.0735904e-01
   9.0097856e-01
   8.9549165e-01
   8.9149301e-01
   8.8559369e-01
   8.8175127e-01
   8.7547607e-01
   8.6974410e-01
   8.6489673e-01
   8.6083235e-01
   8.5581663e-01
   8.4907653e-01
   8.4489161e-01
   8.4052440e-01
   8.3388242e-01
   8.2898873e-01
   8.2252059e-01
   8.1686034e-01
   8.0983883e-01
   8.0523403e-01
   7.9904332e-01
   7.9160391e-01
   7.8398220e-01
   7.7831697e-01
   7.7324746e-01
   7.6533487e-01
   7.5946044e-01
   7.5045299e-01
   7.4265752e-01
   7.3744804e-01
   7.3357493e-01
   7.2589594e-01
   7.2044446e-01
   7.1100766e-01
   7.0654680e-01
   7.0173574e-01
   6.9638784e-01
   6.9059760e-01
   6.8354539e-01
   6.7677920e-01
   6.6722791e-01
   6.6005792e-01
   6.5589297e-01
   6.4620771e-01
   6.3748223e-01
   6.2843301e-01
   6.2042030e-01
   6.1011491e-01
   5.9975416e-01
   5.9437689e-01
   5.8652577e-01
   5.8009279e-01
   5.7530917e-01
   5.6897552e-01
   5.6163971e-01
   5.5731218e-01
   5.5085715e-01
   5.4328986e-01
   5.3734872e-01
   5.3145372e-01
   5.2535691e-01
   5.1902309e-01
   5.1426080e-01
   5.0851014e-01
   5.0305757e-01
   4.9764565e-01
   4.9342284e-01
   4.8638644e-01
   4.7917364e-01
   4.7424625e-01
   4.6889614e-01
   4.6331033e-01
   4.5722649e-01
   4.5203927e-01
   4.4675424e-01
   4.4090045e-01
   4.3344463e-01
   4.2895660e-01
   4.2306845e-01
   4.1644373e-01
   4.1145822e-01
   4.0587534e-01
   4.0080798e-01
   3.9475529e-01
   3.8975629e-01
   3.8588371e-01
   3.7937324e-01
   3.7215942e-01
   3.6809360e-01
   3.6128938e-01
   3.5506004e-01
   3.5060775e-01
   3.4663312e-01
   3.3936858e-01
   3.3372069e-01
   3.2908945e-01
   3.2395877e-01
   3.1747050e-01
   3.1292796e-01
   3.0749710e-01
   3.0351985e-01
   2.9623412e-01
   2.9078307e-01
   2.8764366e-01
   2.8253835e-01
   2.7561703e-01
   2.6945331e-01
   2.6534483e-01
   2.6074172e-01
