0.00231509997834002
0.00262225312515693
0.00331523713713529
0.00265441999394756
0.00261331088336696
0.00290463454613485
0.00317372861269408
0.00304595785418174
0.00301336974820855
0.00294484794278355
0.00256871513026695
0.00277656359286321
0.00365796224084057
0.00340078868041315
0.00310875241917412
0.00317797488594764
0.00571158847745392
0.00433792767465288
0.00496256865155445
0.00730558063070315
0.0150558959535665
0.0344698591788201
0.0932139149535415
0.0995861577518306
0.0201618376444488
0.0168290867589292
0.0146640350747945
0.0115530179924680
0.0110479392355928
0.0116556342732422
0.0141560107135449
0.0126393162040215
0.0143933780091498
0.0133778631147735
0.0196375503065216
0.0188573791267258
0.0213396226003044
0.0245285630703239
0.0240525882120753
0.0297711269597956
0.0284098671561856
0.0316186788767231
0.0356232072530842
0.0364724743979862
0.0459916950196154
0.0415335473894809
0.0458284274125904
0.0479983487265211
0.0523892712569854
0.0606893714525014
0.0626700560287573
0.0885258731440369
0.142556813899447
0.425471829032739
0.462145868828631
0.118175952428264
0.0938652613428137
0.0875030598928996
0.0872367641743701
0.0801938331874671
0.0778228293720336
0.0838252324178503
0.0843601754680628
0.0793468959301557
0.0818720398307655
0.0823863531456892
0.0840509275949711
0.0782310996561869
0.0794643349339743
0.0783521261632531
0.0771657241964921
0.0703453345989162
0.0753328315436100
0.0729264779290976
0.0747647629781647
0.0676719634678615
0.0662819953618677
0.0614330470286097
0.0612849582687871
0.0615430675086326
0.0592728734894188
0.0572166850210606
0.0590104589273530
0.0565554273184681
0.0511589573910037
0.0543559639339299
0.0514775138323044
0.0501488436467026
0.0466475028686728
0.0465661744565469
0.0458351983872752
0.0431754689999347
0.0414675739369061
0.0413303689679908
0.0418635219272968
0.0399928342751418
0.0400220054195593
0.0417846969685239
0.0423278586480698
0.0463327047110538
0.0582102642589355
0.0697587682682801
0.0930588426586693
0.115153721276465
0.142690275705037
0.150351473245369
0.132411219428617
0.115634416470896
0.0975307036552545
0.0953436222500921
0.0943501687499086
0.0818518422193154
0.0729672169411289
0.0671303475661123
0.0629727679293179
0.0568276526037001
0.0513499969525159
0.0455113672498182
0.0408338963060132
0.0354230613382209
0.0343139543094378
0.0311895235620191
0.0292093686756837
0.0271316727752023
0.0268979578412110
0.0270449892107135
0.0262577457694593
0.0268614058943051
0.0265285279299480
0.0259575267824442
0.0254579029216344
0.0251935394253510
0.0256993592150268
0.0255712994586728
0.0254149023457618
0.0245328507256025
0.0246555267042702
0.0244105771075474
0.0243630734077158
0.0233704060130477
0.0232337729056849
0.0234244666885451
0.0233030417999073
0.0233063958936507
0.0232109506982074
0.0234358082283143
0.0237891311413019
0.0240028649681076
0.0249978908426169
0.0255121775961508
0.0284126151376196
0.0336094140182596
0.0362000448287960
0.0386475090708851
0.0517714193991955
0.0763185036314707
0.109917112209753
0.160494669946170
0.302829925279391
0.574644780858634
0.636491109716531
0.516710241394530
0.489725495806173
0.633080523824529
0.844175198134472
0.479920524514119
0.354355779538702
0.274530556201816
0.210511393488862
0.154975115965110
0.120661220768716
0.0919685499076229
0.0696283154133967
0.0527119989754037
0.0426062079314439
0.0359482893937554
0.0313878470100194
0.0283344541391758
0.0256819737746911
0.0232104348470810
0.0226914249286281
0.0212365176933117
0.0189116436179982
0.0183356417028799
0.0174898991272680
0.0165791558805235
0.0162085964528817
0.0157137742205763
0.0147691680172704
0.0144695604093679
0.0142009357117098
0.0139089639741841
0.0145729471647445
0.0189602801001228
0.0515538240372466
0.106372578118346
0.0639377091832476
0.0954439854222287
0.0884740724810723
0.0765553640489438
0.0996181126291049
0.127912355854554
0.134259872121879
0.117552027306659
0.116362576505767
0.164054477901176
0.121058668630140
0.0798727325887761
0.0722666669437541
0.0801400835799490
0.101767683378288
0.124662557443744
0.0861859861516616
0.0594288519121475
0.0532246276243676
0.0512981465660084
0.0596490707355925
0.0797691165662322
0.0763999081724669
0.0531927976993109
0.0411034062296783
0.0377220976243062
0.0408505436497705
0.0429115281129311
0.0483668129876095
0.0587504758383075
0.0817659766115993
0.147053489538467
0.379116697289802
1
0.737707869317318
0.388368646454573
0.305768640132968
0.241001506694215
0.153617599593543
0.106163522661870
0.0928630102866211
0.0909402229770683
0.100660524909862
0.107535790565650
0.105691663849150
0.112225514157599
0.119067212619723
0.120725021216431
0.119962473255096
0.109719241907331
0.0938271859845098
0.0919417383861181
0.119704831761976
0.151851541866949
0.0876330792836326
0.0433118795352549
0.0336971596580019
0.0301616372913640
0.0284546156089579
0.0270328152710972
0.0255076111671747
0.0248229790995827
0.0251863293485204
0.0242472455007911
0.0246053790837084
0.0247724005502547
0.0258022761235441
0.0256714228933791
0.0254721363466592
0.0259264228700837
0.0266687271103633
0.0312308269046630
0.0529417457937270
0.0510027995062972
0.0361936227762051
0.0370761501175718
0.0317569949697646
0.0276306532079689
0.0280234978064931
0.0286778855460091
0.0273871616721338
0.0228337934709737
0.0209408656960644
0.0238080260871175
0.0379584702302447
0.0350647491205476
0.0253411228976259
0.0219384344585334
0.0212685020531312
0.0216677463563699
0.0205035092457181
0.0196903075696142
0.0189828806809530
0.0189106662158640
0.0176655280456928
0.0173792188552537
0.0175465277437238
0.0167182422823694
0.0159465308408418
0.0158420418265769
0.0166085139770349
0.0178638544523533
0.0197395646484642
0.0200967978382117
0.0176499392190617
0.0169469192710417
0.0169723156376063
0.0179087808453582
0.0227458079219111
0.0342200876484356
0.0332331329670133
0.0200526380991955
0.0149969674054153
0.0126792069829684
0.0115106450522254
0.0223688822243510
0.0232353848298008
0.0115583664767963
0.0124996451219101
0.0104494950407402
0.00728888625060332
0.00727106491817158
0.00718723626105610
0.00764749464671783
0.00887347499206365
0.0113591379172400
0.0165595149913412
0.0250923715405830
0.0538467941818904
0.0795200499668361
0.0645885866044487
0.0799783304986103
0.0346885267268370
0.0353640855630433
0.0682674739820593
0.0448239675628514
0.0147460750483277
0.00812195073689891
0.00602303610465153
0.00495478028959770
0.00461525278934179
0.00429237050821126
0.00375172083611857
0.00418292739581424
0.00383150835662626
0.00358437581460652
0.00362271890816272
0.00331003569428350
0.00385900112786710
0.00489507222736978
0.00397523131599114
0.00293855472994424
0.00300841770828760
0.00307816375322512
0.00228881240154823
0.00243455918979397
0.00240690956673902
0.00226207966303359
0.00229926417641182
0.00308681531111836
0.0141529078065438
0.00848812900528342
0.00302133232849068
0.00289065732025315
0.00482428114603686
0.00455035526522944
0.00276695220372842
0.00241242336568962
0.00292242235912632
0.00341964267862844
0.00261995137524938
0.00326250169696256
0.0155990138776695
0.0171892240945446
0.00937730931002186
0.00277729206079627
0.00223325203398916
0.00189497673290193
0.00198515004245636
0.00181023583692298
0.00166455374402838
0.00134758933249369
0.00160975860547108
0.00174322634511698
0.00278765199751194
0.0253957354407490
0.0235903896432394
0.00427607450633264
0.00176259734628617
0.00176237831122766
0.00190041093592321
0.00184596742348183
0.00189161291876690
0.00281023614663474
0.0158188753848813
0.0116636168658720
0.00273116122133132
0.00214943025935785
0.00161629238857472
0.000920117243117763
0.00134776717588447
0.00119581765202332
0.00113658534151317
0.000880893621743829
0.00132908250463922