0.00262581800319301
0.00307646521824276
0.00367413424958652
0.00390358793571101
0.00334803637358828
0.00423968614657328
0.00525230069940983
0.00477688002561996
0.00437692601558010
0.00439579936845711
0.00437302160714006
0.00479251321353853
0.00524774935486093
0.00559654960395763
0.00551515837925146
0.00487217428536992
0.00869264907012136
0.00724888052878350
0.00687458678928417
0.00881832298381657
0.00974383083304510
0.00985931506472252
0.00943084313459966
0.0124890226864188
0.0149876885464630
0.0163243194153240
0.0145528540664670
0.0214537980964416
0.0231838758976677
0.0239923882444170
0.0313615340205115
0.0297771388944673
0.0368091743605019
0.0348683660339959
0.0548934405061600
0.0566819470988597
0.0691859125663623
0.0883564022406243
0.0897113840943830
0.120183630236368
0.119859974273332
0.140156395084812
0.162780520876487
0.177838699430324
0.227689777129632
0.215035426326513
0.248018999233670
0.272136742306763
0.301771851056023
0.352522350213016
0.366556979730563
0.432679550248001
0.419904839029497
0.473930639359390
0.500392983004865
0.558006080246395
0.667311433734625
0.677047195061297
0.716119351121328
0.693539527708589
0.722234637077945
0.831987642391968
0.880921678829007
0.861214281409276
0.918851770807893
0.954696980696448
1
0.933541037091314
0.955186716410662
0.929773069189378
0.898437214365135
0.783234611854135
0.808907871915065
0.749740631036973
0.730833068002317
0.636210469179455
0.597933213779397
0.521569778622653
0.498743383588055
0.478898669023022
0.440438966941168
0.407331909300681
0.400705738919378
0.364993638461596
0.320070167595742
0.325547820718328
0.296995589330676
0.278542603318643
0.245849221108210
0.237756922947994
0.222387247647210
0.202386568928471
0.186950837904087
0.179185738998138
0.177535056184744
0.163504607409198
0.155235212118779
0.152825243622288
0.141205473619831
0.135724695280213
0.136703811570344
0.128288028273109
0.130243668343787
0.126348724564180
0.131175054046542
0.134192948283129
0.132005189820274
0.133719868555134
0.129280639818598
0.137413662002231
0.151264765936821
0.152013397470950
0.158107570680467
0.169464893480021
0.180521591709536
0.189151807511661
0.198927877035261
0.214997885061521
0.224700152695638
0.231033444672786
0.251066796115026
0.263365235406725
0.274640166120929
0.282563479139048
0.302460102336203
0.332423830892924
0.334515966754528
0.360909651418678
0.378344811065998
0.389280962903957
0.405148519038904
0.404371654010010
0.438080396642123
0.449072734126283
0.467661060115506
0.465529665329220
0.487342969925660
0.507925187608886
0.515008420980903
0.515751785398963
0.522789856248602
0.545798556359218
0.551921140632649
0.559010162297719
0.567419329875786
0.565109556501449
0.575745948554190
0.593233225899923
0.595585274568389
0.596019373486501
0.611358354691450
0.585138839995903
0.615776782470478
0.613122930818526
0.636565690643676
0.616565189494087
0.631532622243391
0.638604717186941
0.637336518321488
0.654837798263007
0.641641504781032
0.673253785321352
0.635992269126024
0.657801242880091
0.649319239665445
0.647221970441156
0.652670841218881
0.649204285549051
0.654720699480263
0.646904040950370
0.662030527229642
0.655680873523721
0.651273388155267
0.651964830892806
0.658175923009826
0.655944570628950
0.659337017698947
0.667118600556588
0.660058976963171
0.646176265719978
0.656488873112185
0.663570229324622
0.632109841895969
0.650856439649683
0.657303458901829
0.647697470644207
0.640756444793887
0.642965492644716
0.651398044004283
0.649038440575639
0.648131869354389
0.638383530597312
0.618923907383076
0.630529458017019
0.635282753538816
0.630303714587918
0.622457016892560
0.639338308383503
0.641786770181847
0.614585676289004
0.626076466518353
0.617852930190351
0.619037048910488
0.606283894230597
0.615732380958740
0.609032387933118
0.600650021766157
0.602240118908191
0.595866059821637
0.584514313154595
0.585501288609159
0.580061861281656
0.579572600622568
0.579279403977601
0.579971563910016
0.563589426216487
0.553368422658206
0.549182678434026
0.548119975502449
0.543144446424868
0.535961128623154
0.533604762948873
0.535787369139082
0.527266678910783
0.516268027344397
0.512543890327578
0.505583106601958
0.504110799342284
0.500005686562249
0.500911879098779
0.484963619423942
0.480444074085621
0.469002759015026
0.463512057776346
0.456762239308604
0.447797077356552
0.444240044439840
0.439524435087400
0.436064700476102
0.421374123761949
0.414686617864990
0.406865926342823
0.403063221713586
0.399089020241482
0.398400377343409
0.390038777299817
0.373449622136624
0.370713700766828
0.366358767309797
0.362193730039498
0.356376825048885
0.343609919380076
0.337540568953998
0.332975855995621
0.326782410586584
0.324333229287269
0.317749170588876
0.310173270337259
0.312052966619415
0.300834195092031
0.293420050018842
0.287224725386879
0.285980923587987
0.279942334195123
0.271914345923311
0.268208736056450
0.260926837154832
0.252900716272047
0.250343313979907
0.244904459413044
0.243978146883950
0.236928431418464
0.230738810725106
0.225706015050644
0.224157648964826
0.219396614013363
0.209825445269624
0.207193434987178
0.204601295472257
0.202456240605659
0.195886664231052
0.190784981072343
0.185654993597545
0.182394376145927
0.180848963800930
0.176540762405207
0.172102473340821
0.168975349353573
0.162410445001706
0.158628376322965
0.154742065207745
0.152472423068053
0.150499835423920
0.147060928472258
0.144301055293881
0.141712125131968
0.139380520704857
0.133222277827453
0.132868539436126
0.130344687900203
0.126626859534152
0.122799795300225
0.123291010445827
0.118909256170099
0.116175115565203
0.115616780682966
0.110156390552717
0.106899270017817
0.107028151575645
0.101278342890551
0.100713392622922
0.0986515063880993
0.0970496719131484
0.0938228946748799
0.0915581366213718
0.0891366504291025
0.0858476922129903
0.0856002804441733
0.0832456041771015
0.0815062425828073
0.0792672972892692
0.0779125283232937
0.0776247863950488
0.0751258655677101
0.0729709836590485
0.0715134459870773
0.0694331897564555
0.0685916184547320
0.0650370383610043
0.0647340609997358
0.0630630583878246
0.0610521343119824
0.0592613148604084
0.0583748294049350
0.0571472527347398
0.0558090901477708
0.0546041564413129
0.0538676799827513
0.0522992869188033
0.0510389739927348
0.0506520899747285
0.0494440100420059
0.0490769862735586
0.0470421695396883
0.0457854650056516
0.0447367715153154
0.0439423129350930
0.0425594896322790
0.0420041981918066
0.0406526228350212
0.0387730136124825
0.0382899235451811
0.0374680479892179
0.0374973554221983
0.0357965610995076
0.0348158453412448
0.0344161229802751
0.0326306526965254
0.0321823314911141
0.0309660268544523
0.0307853064320241
0.0295198056830678
0.0291578487288056
0.0282236119757867
0.0277589589693483
0.0268672706256468
0.0261695169518806
0.0254837271023626
0.0245629529319793
0.0246017894357962
0.0236707844412976
0.0232674767722854
0.0226459476465639
0.0222267108098982
0.0217106582636269
0.0206976958730560
0.0205424664926820
0.0199838281167316
0.0193862851999427
0.0188508049251779
0.0182134707993670
0.0182674319330585
0.0176568696462312
0.0174099812765008
0.0166696320534810
0.0164901309516734
0.0162262347845098
0.0155375173991533
0.0152865871443685
0.0148770771718805
0.0146351569626542
0.0143913900342736
0.0141487311373856
0.0134581228088107
0.0130898131406574
0.0129553073510468
0.0129135733448765
0.0124009222608962
0.0119475970297509
0.0120465276215712
0.0115770731453315