0.00218320735114651
0.00229955222064810
0.00233391458544504
0.00243641249659754
0.00248461567441644
0.00262254446912011
0.00277968662908658
0.00281206686982973
0.00295681108837263
0.00313934804452584
0.00323010223553851
0.00347276584046893
0.00363985421239058
0.00383246720053452
0.00402779642326865
0.00436265222575947
0.00470278071892532
0.00507911901585570
0.00544021843784271
0.00591176475162108
0.00630973306370698
0.00688763194507833
0.00754671879156787
0.00836875871693310
0.00924873371378885
0.0103765753592093
0.0115700708630472
0.0130905560226255
0.0147448897357505
0.0167519074855001
0.0189506794139278
0.0217446667313496
0.0248021876967361
0.0284513789655303
0.0326739853313909
0.0376865366274743
0.0434684982431855
0.0500505868280031
0.0577811202916561
0.0667528472398649
0.0769368854032981
0.0887131281506296
0.102298767217957
0.117634354759098
0.134904746823028
0.154727537263532
0.176970632530066
0.201847107245612
0.229715134888278
0.261137424755136
0.296251288419597
0.335538729365737
0.379572383642386
0.428323969685936
0.481731843976032
0.539571763269751
0.600987315034718
0.665233644910342
0.729605466462782
0.792703516103127
0.850223571375936
0.900754490927206
0.940915915048228
0.967772420821555
0.979575263105245
0.976661200832783
0.958967241200425
0.926892061409346
0.884549393241168
0.835453114006674
0.781939143332311
0.727579297057098
0.675644879914547
0.627213030632424
0.583941819666828
0.545915818241518
0.512052777277111
0.481593830555052
0.454139743825870
0.428461967615570
0.403681305975539
0.379794859591649
0.356387481657996
0.333927369541129
0.312091622916430
0.291647003083449
0.272530739750497
0.255056888452098
0.239436608389584
0.225826774657246
0.213917848664025
0.203892264687900
0.195378811939262
0.188428587276841
0.182697324097818
0.178066018910542
0.174563072344331
0.171943984109609
0.170085563442455
0.169373342817349
0.169568951140357
0.170691140109041
0.172908128835516
0.176324578898192
0.180949289637351
0.186651909446635
0.193827518590436
0.202264953130401
0.211764801810252
0.222528195297586
0.234377771257746
0.247130624783116
0.260773142181725
0.275617426950539
0.291273203062677
0.307697889802531
0.324770602440184
0.342430726669547
0.360691588519429
0.379506079403515
0.398535067440746
0.417913803968650
0.437750106191119
0.457931474036961
0.478213447673340
0.498726924872559
0.519245755102296
0.539588593272309
0.559679853850847
0.579709014651743
0.599368519620341
0.618379646008223
0.637114596057758
0.655265772469432
0.672994006534870
0.690361829920515
0.707091085090085
0.723416804537249
0.738938881248052
0.753894203209228
0.768574149034788
0.782880318745831
0.796732078387789
0.810063650297847
0.822750483945391
0.834714339679107
0.846088751264142
0.857276018390781
0.867878499935724
0.877988018505654
0.887885524071168
0.897527302077198
0.906708296501842
0.915626699382443
0.924249235184238
0.932247137620121
0.939886123517062
0.946832802698175
0.953403118372549
0.959392817085368
0.964871844725528
0.970091340296699
0.974523867086653
0.978702509463009
0.982688920865771
0.986044999362779
0.989204390077480
0.991858148159505
0.994154880004216
0.996031104262675
0.997510671232121
0.998519796493713
0.999304442033676
0.999742693576953
0.999938690704965
1
0.999549503726153
0.998871669225780
0.997734700412815
0.996372680229784
0.994748270786394
0.992794932834893
0.990896297120417
0.988436855898291
0.986060261666782
0.983401789061375
0.980167006560658
0.976837565541086
0.973138147925087
0.969251595570817
0.965397429359864
0.961022861574257
0.956517396804464
0.951578597035755
0.946169049243898
0.940807135844585
0.934955489441559
0.928880193205424
0.922742962696481
0.916392963115011
0.909816209302638
0.903065906334417
0.896262398291142
0.889141032699544
0.881529039064605
0.873757389222356
0.864958521813225
0.856292077973334
0.847306536875108
0.838418061996996
0.829531707945099
0.820650671327047
0.811948030003974
0.803115321585234
0.794530421976489
0.785946198573204
0.777240801065795
0.768415182693657
0.759475295709514
0.750483402378180
0.741464655493655
0.732361905449038
0.723141700565136
0.714100218833406
0.704850230172655
0.695693793512733
0.686341026475218
0.676811124883048
0.667208167217742
0.657530145084374
0.647671402997543
0.638032053183846
0.628368532530008
0.618531179080711
0.608737623685535
0.598813556727107
0.589103055566538
0.579365123193211
0.569523144827503
0.559883008668821
0.549991577386466
0.540181711365572
0.530384056946629
0.520593719459014
0.510919017149341
0.501229367140028
0.491674435161063
0.482207379694519
0.472953074561953
0.464296531011689
0.455787115533605
0.447421752039946
0.439079794610993
0.430742483533193
0.422517668454639
0.414471540668876
0.406891788661254
0.399555124427901
0.392278180352828
0.384971558056901
0.377364192304186
0.369551355402104
0.361987040857766
0.354349441063800
0.347012095502219
0.339577421380844
0.332202140369416
0.324873937197323
0.317874645699412
0.311032606617033
0.304332268572703
0.297832164186046
0.291561234268853
0.285171424843455
0.278917734390819
0.272568126566340
0.266282141371364
0.260287976848692
0.254481762932602
0.248887050338610
0.243201045423995
0.237594329374230
0.232151651655913
0.226892129363115
0.221673679811524
0.216572071445460
0.211505510905447
0.206571790496651
0.201672941448007
0.196770832970414
0.192031945068623
0.187449779645428
0.182931463736463
0.178457430387685
0.174025997982884
0.169797189950992
0.165658088877641
0.161822267570792
0.157814335392793
0.153929179127786
0.150099422774573
0.146542295854255
0.143034247214425
0.139641067494198
0.136193775025200
0.132841037136778
0.129379035716120
0.126276869023277
0.122998236431895
0.119803456283359
0.116754779518467
0.113770118353357
0.110891388629105
0.107898952584111
0.105075373643326
0.102128808351606
0.0994162991234303
0.0967049317334216
0.0940907451517730
0.0916227443045203
0.0891924566418663
0.0868541174006748
0.0847938365138458
0.0826250498601094
0.0807081720826644
0.0787012579436691
0.0767889904243262
0.0747750702431474
0.0728512058001665
0.0710024660042976
0.0690767469393242
0.0673161349052087
0.0655326667311053
0.0636944069335402
0.0619283196124082
0.0600870010726018
0.0582223696575407
0.0565606837141231
0.0548509575249150
0.0533396724287872
0.0516295040367981
0.0502237725368987
0.0488239215727618
0.0475045264635377
0.0462986311753519
0.0451185933314756
0.0439359313358845
0.0428313677492063
0.0416736675815879
0.0406546067745206
0.0395725953912711
0.0385225471724205
0.0375607999979154
0.0365329391478985
0.0355381558963314
0.0346476632987776
0.0338174182350544
0.0328913335038000
0.0320464075845554
0.0312121969514793
0.0304251914306786
0.0296323751300470
0.0289236742410523
0.0281920109173167
0.0275051583058212
0.0268517115885493
0.0261243853121835
0.0254576824766133
0.0247637393961122
0.0241845243393034
0.0235387150661202
0.0228669701500138
0.0222844486066825
0.0216846590101504
0.0211374839323081
0.0205482970989833
0.0200412528577520
0.0194970635829130
0.0188861660462875
0.0184672704659082
0.0179998455177890
0.0175109760184656
0.0170139650054044
0.0166136519069620
0.0161954378309627
0.0157675034596533
0.0153000501385858
0.0148313982334544
0.0144836898269735
0.0141140083020203
0.0136818453925681
0.0133635479691769
0.0129877129745382
0.0125835299443398
0.0122336762661511
0.0119064904976586
0.0115761596224380
0.0112491421539711
0.0108658388456971
0.0106654461089811
0.0103188637625398