0.167242324287198
0.154182474351741
0.170142159987773
0.192811888003969
0.192905782870714
0.200073978926908
0.205252180939695
0.222596031837781
0.243165507499449
0.244460945897366
0.223279773380900
0.176060644224180
0.196070461629987
0.240036344529016
0.228039111059062
0.211364499423653
0.286825510667098
0.334358066660328
0.351407865040049
0.361386247888162
0.371258305343437
0.365872113992260
0.364757043438625
0.359819113705623
0.359198156564216
0.364104093629098
0.376807869323276
0.387063409077708
0.374241853579628
0.395711147933053
0.412631979604551
0.410349088444241
0.414790229697586
0.417381772414462
0.425290028720598
0.421717584310713
0.417122899878599
0.424606691283409
0.429548593776124
0.444929924142456
0.437338538110689
0.429490670028846
0.443166013138195
0.444645527479182
0.446217485320542
0.441433952511233
0.436828553580323
0.420023259209393
0.382458209353946
0.410924626355691
0.480766134835122
0.499934711834223
0.490766937024940
0.523035139935509
0.554282929837985
0.555079337252912
0.532439789119779
0.544133100780046
0.570953597171845
0.596922076050183
0.623650183012121
0.634106088162773
0.643943870605165
0.646075927803931
0.644120783628321
0.679965443549918
0.701925171674949
0.715595062200051
0.743265845848933
0.759538884330244
0.739867474337425
0.721268382198260
0.742595633317042
0.751793249357237
0.777294524863352
0.789229195905273
0.781489881490519
0.782844418957894
0.796097727493135
0.816177056810655
0.828240871001417
0.828769646457560
0.816573638402762
0.814420322955388
0.821378255865878
0.809572309637785
0.825244476749935
0.831326518593072
0.817765466316700
0.831600573559500
0.862330251279934
0.852843767798879
0.866165222253956
0.872480851554121
0.862914332332256
0.876017262236579
0.895641756100008
0.898265849265021
0.905081027486764
0.909832362729171
0.916379106471903
0.905243796802346
0.890041052799221
0.850334332577164
0.784214918609531
0.822862289363329
0.869633287809429
0.883829290106512
0.913114277741410
0.897781138430222
0.880361674190032
0.900375105782683
0.914259957896389
0.930190892249195
0.923366721247585
0.928849843951619
0.904187819626535
0.906346086794469
0.896710466234584
0.873602700842453
0.875711058082128
0.883188554541032
0.870702529335543
0.906638801779119
0.924736771260229
0.907694104496441
0.898300997019576
0.929760362913091
0.928379971203601
0.942135333126698
0.944860364406244
0.923030391280582
0.916348647809706
0.922061194430481
0.898033631163109
0.834237931074815
0.851678303528194
0.887455178948639
0.923716315564891
0.934878878029018
0.942461540376884
0.930553526097306
0.964403698431379
0.965003995684796
0.929448208341317
0.893007770877142
0.947796282213124
0.986846237531563
0.978005400608108
0.995043448353148
0.967301656780126
0.943788036721586
0.971320045426618
0.991460462078344
0.998532422121811
0.969920319240416
0.985161650444421
0.971098373402912
0.942135327287230
0.938492188658268
0.959727003261862
0.957934742234491
0.975037275218533
0.976801115557846
0.973945487508611
0.974140855651209
0.971668556522714
0.986575000108176
0.986032525261405
0.985437214913185
0.990208705077481
0.982532628768884
0.995915523180691
1
0.986363430363150
0.968818172315245
0.965741415312777
0.948344187764619
0.956968917676841
0.976615280345853
0.966998308125257
0.978147813540175
0.970045003549316
0.963511165029638
0.949313364176583
0.965386142113379
0.943756380968561
0.924012300651311
0.924923257572842
0.915898862829700
0.939164702605587
0.950121692457755
0.944764354802234
0.931715807858233
0.930654470051307
0.941784159233448
0.929538165337315
0.933400622684605
0.950419119892634
0.954921296738068
0.965287531026623
0.969013344835683
0.968504119916547
0.952077289229052
0.932776844932586
0.927225473452779
0.855785498795597
0.751923884083465
0.767118645534589
0.815356547400391
0.814308719201401
0.845130946641383
0.823002892060489
0.812727753464083
0.853472123693374
0.858186325762294
0.864588267308754
0.879380649498620
0.890896055943686
0.897301905015888
0.899057774482138
0.920278515969190
0.931343909695019
0.930091343927914
0.926270107381325
0.927071749472271
0.919522769326301
0.913630807834321
0.903559495849111
0.909986458745224
0.905885852087469
0.898165036699038
0.886021777168359
0.895096478308863
0.872229182186147
0.874461452156668
0.894790624522459
0.894633028975034
0.900250561697836
0.896891746661970
0.883828402661131
0.873833377324961
0.867339791714254
0.853197470181533
0.851754742157060
0.845992711889151
0.814704110464170
0.821419876670097
0.821268774687307
0.829519194659423
0.821268082479910
0.837325412259248
0.834513971460175
0.839964142817764
0.835255034915840
0.845620585986704
0.855437516248145
0.849344122403460
0.839496222603255
0.836732457214121
0.839657006499905
0.840484221309169
0.833020610412336
0.818464642519587
0.780299281232216
0.745533749018160
0.728037206189573
0.729555909219930
0.757968484798042
0.766300606219055
0.747508077341153
0.782645450783616
0.772355784821572
0.733690925477456
0.647619088829003
0.691614406606319
0.759022485928803
0.776306329305917
0.787706176070976
0.799711317751567
0.810294749341393
0.801528634858057
0.797812655787867
0.804884917793270
0.799190358268929
0.795386909354860
0.796357174366492
0.798826487913586
0.790837722337765
0.784239139952146
0.776013408710544
0.781825182020880
0.779614733064510
0.770659876697425
0.770779859313012
0.768104246985449
0.766594311915462
0.762605309466869
0.757636686718786
0.754265636692424
0.752138714095367
0.748165905104682
0.734031722252879
0.734933668491965
0.691041028145300
0.557401852812067
0.595339432917090
0.612102388729219
0.619406330453004
0.636294345068301
0.621299517685466
0.577782745955700
0.547017818904714
0.570499339718046
0.603942186454589
0.652728040894965
0.629170377267895
0.586594084655682
0.567765120497486
0.560545058927906
0.563158249530591
0.596389742275066
0.607244246476991
0.607862618418857
0.605771367576355
0.620333196158404
0.624676566842609
0.628930473566269
0.630603246580948
0.635067984295534
0.637390736980091
0.626503532900701
0.619106604649837
0.589188933300568
0.536680393628798
0.390025064220561
0.339216696670511
0.318614758631237
0.319111071335320
0.417714169238508
0.492986170687060
0.434229084066498
0.370472278783791
0.365966590079562
0.371456948421607
0.373305603644824
0.385611389876582
0.377286036146315
0.383449210849406
0.388344187764619
0.446268373526654
0.502672705655807
0.537892624141222
0.526414311862003
0.517513170788973
0.533705747705469
0.553101177480143
0.552974032825349
0.576777008601179
0.583048555294440
0.595887199704399
0.614581414155861
0.620648842731714
0.623909822552424
0.629356811793651
0.632180931834536
0.630663930096138
0.626639580880866
0.624898147045300
0.619372929138711
0.619826057330618
0.618217579615507
0.620344886772230
0.613562946338176
0.609604719850002
0.605878921223558
0.591242949538033
0.486932303223254
0.198682683414920
0.169518592109361
0.273716550136294
0.231882389995689
0.261271190281363
0.331861070127703
0.404350508591043
0.475432480214583
0.524270720910810
0.542822580603596
0.553487435360964
0.558921232667431
0.560704051275943
0.562523110787316
0.558724830355150
0.552591934341869
0.558381126308656
0.550707407393069
0.545673429079461
0.545322944476948
0.539863895444616
0.536585379703166
0.535915273718642