0.001 	0.000 	0.006 
0.002 	0.000 	0.007 
0.002 	0.000 	0.008 
0.002 	0.000 	0.009 
0.002 	0.000 	0.009 
0.002 	0.000 	0.011 
0.003 	0.000 	0.012 
0.003 	0.000 	0.014 
0.003 	0.000 	0.016 
0.004 	0.000 	0.018 
0.004 	0.000 	0.020 
0.005 	0.000 	0.023 
0.005 	0.000 	0.025 
0.006 	0.000 	0.028 
0.007 	0.000 	0.032 
0.008 	0.000 	0.036 
0.009 	0.000 	0.041 
0.010 	0.000 	0.048 
0.011 	0.000 	0.054 
0.013 	0.000 	0.061 
0.014 	0.000 	0.068 
0.016 	0.000 	0.074 
0.017 	0.000 	0.081 
0.019 	0.001 	0.089 
0.021 	0.001 	0.099 
0.023 	0.001 	0.110 
0.026 	0.001 	0.125 
0.030 	0.001 	0.142 
0.034 	0.001 	0.161 
0.038 	0.001 	0.183 
0.044 	0.001 	0.207 
0.049 	0.001 	0.234 
0.055 	0.002 	0.263 
0.062 	0.002 	0.295 
0.069 	0.002 	0.331 
0.078 	0.002 	0.371 
0.087 	0.002 	0.416 
0.097 	0.003 	0.465 
0.108 	0.003 	0.520 
0.121 	0.004 	0.580 
0.134 	0.004 	0.646 
0.149 	0.005 	0.718 
0.165 	0.005 	0.797 
0.182 	0.006 	0.878 
0.199 	0.007 	0.959 
0.215 	0.007 	1.039 
0.230 	0.008 	1.115 
0.245 	0.009 	1.188 
0.259 	0.010 	1.258 
0.272 	0.011 	1.324 
0.284 	0.012 	1.386 
0.295 	0.013 	1.443 
0.305 	0.014 	1.495 
0.314 	0.015 	1.542 
0.322 	0.016 	1.585 
0.329 	0.017 	1.623 
0.334 	0.018 	1.656 
0.339 	0.019 	1.685 
0.343 	0.020 	1.710 
0.346 	0.022 	1.730 
0.348 	0.023 	1.747 
0.350 	0.024 	1.760 
0.350 	0.026 	1.770 
0.350 	0.027 	1.776 
0.349 	0.028 	1.780 
0.348 	0.030 	1.783 
0.346 	0.031 	1.783 
0.344 	0.033 	1.782 
0.342 	0.035 	1.779 
0.339 	0.036 	1.776 
0.336 	0.038 	1.772 
0.333 	0.040 	1.768 
0.330 	0.042 	1.764 
0.327 	0.044 	1.759 
0.323 	0.046 	1.752 
0.319 	0.048 	1.744 
0.314 	0.050 	1.734 
0.309 	0.053 	1.721 
0.303 	0.055 	1.706 
0.297 	0.057 	1.689 
0.291 	0.060 	1.669 
0.284 	0.063 	1.648 
0.277 	0.065 	1.623 
0.269 	0.068 	1.596 
0.260 	0.071 	1.565 
0.251 	0.074 	1.528 
0.241 	0.077 	1.486 
0.230 	0.080 	1.440 
0.218 	0.084 	1.390 
0.207 	0.087 	1.339 
0.195 	0.091 	1.288 
0.184 	0.095 	1.237 
0.173 	0.099 	1.188 
0.163 	0.103 	1.139 
0.152 	0.108 	1.090 
0.142 	0.113 	1.042 
0.132 	0.118 	0.994 
0.123 	0.123 	0.947 
0.113 	0.128 	0.901 
0.104 	0.133 	0.857 
0.096 	0.139 	0.813 
0.087 	0.145 	0.771 
0.079 	0.150 	0.729 
0.072 	0.156 	0.690 
0.065 	0.163 	0.652 
0.058 	0.169 	0.616 
0.052 	0.176 	0.582 
0.046 	0.184 	0.550 
0.041 	0.191 	0.520 
0.036 	0.199 	0.492 
0.032 	0.208 	0.465 
0.028 	0.217 	0.440 
0.024 	0.227 	0.416 
0.021 	0.237 	0.394 
0.018 	0.247 	0.373 
0.015 	0.259 	0.353 
0.012 	0.270 	0.335 
0.010 	0.282 	0.318 
0.008 	0.295 	0.301 
0.006 	0.309 	0.286 
0.005 	0.323 	0.272 
0.004 	0.338 	0.259 
0.003 	0.355 	0.246 
0.002 	0.372 	0.235 
0.002 	0.389 	0.223 
0.002 	0.407 	0.212 
0.003 	0.426 	0.201 
0.004 	0.444 	0.190 
0.005 	0.463 	0.179 
0.007 	0.483 	0.169 
0.009 	0.503 	0.158 
0.012 	0.524 	0.148 
0.016 	0.545 	0.138 
0.019 	0.566 	0.129 
0.024 	0.587 	0.120 
0.029 	0.608 	0.112 
0.035 	0.629 	0.104 
0.041 	0.650 	0.097 
0.048 	0.671 	0.090 
0.055 	0.691 	0.084 
0.063 	0.710 	0.078 
0.072 	0.728 	0.073 
0.080 	0.745 	0.069 
0.090 	0.762 	0.065 
0.099 	0.778 	0.061 
0.110 	0.793 	0.057 
0.120 	0.808 	0.054 
0.131 	0.822 	0.051 
0.142 	0.836 	0.048 
0.154 	0.849 	0.045 
0.166 	0.862 	0.042 
0.177 	0.874 	0.040 
0.189 	0.885 	0.037 
0.201 	0.895 	0.034 
0.213 	0.905 	0.032 
0.226 	0.915 	0.030 
0.238 	0.924 	0.028 
0.251 	0.932 	0.026 
0.264 	0.940 	0.024 
0.277 	0.947 	0.022 
0.290 	0.954 	0.020 
0.304 	0.960 	0.019 
0.318 	0.966 	0.017 
0.331 	0.971 	0.016 
0.345 	0.976 	0.015 
0.360 	0.980 	0.013 
0.374 	0.984 	0.012 
0.389 	0.987 	0.011 
0.403 	0.990 	0.010 
0.418 	0.993 	0.010 
0.433 	0.995 	0.009 
0.449 	0.997 	0.008 
0.464 	0.998 	0.007 
0.480 	0.999 	0.007 
0.496 	1.000 	0.006 
0.512 	1.000 	0.006 
0.528 	1.000 	0.005 
0.545 	0.999 	0.005 
0.561 	0.998 	0.005 
0.578 	0.997 	0.004 
0.595 	0.995 	0.004 
0.611 	0.993 	0.004 
0.628 	0.990 	0.003 
0.645 	0.986 	0.003 
0.662 	0.983 	0.003 
0.678 	0.979 	0.003 
0.695 	0.974 	0.003 
0.712 	0.969 	0.002 
0.729 	0.964 	0.002 
0.746 	0.958 	0.002 
0.762 	0.952 	0.002 
0.779 	0.945 	0.002 
0.795 	0.938 	0.002 
0.811 	0.931 	0.002 
0.827 	0.923 	0.002 
0.843 	0.915 	0.002 
0.858 	0.907 	0.002 
0.873 	0.898 	0.002 
0.888 	0.889 	0.002 
0.902 	0.880 	0.002 
0.916 	0.870 	0.002 
0.930 	0.860 	0.002 
0.943 	0.849 	0.002 
0.955 	0.839 	0.002 
0.967 	0.828 	0.001 
0.979 	0.816 	0.001 
0.989 	0.805 	0.001 
1.000 	0.793 	0.001 
1.009 	0.781 	0.001 
1.018 	0.769 	0.001 
1.026 	0.757 	0.001 
1.034 	0.745 	0.001 
1.041 	0.732 	0.001 
1.047 	0.720 	0.001 
1.052 	0.707 	0.001 
1.057 	0.695 	0.001 
1.060 	0.682 	0.001 
1.062 	0.669 	0.001 
1.063 	0.657 	0.001 
1.063 	0.644 	0.001 
1.062 	0.631 	0.001 
1.061 	0.618 	0.001 
1.058 	0.605 	0.001 
1.055 	0.592 	0.001 
1.051 	0.580 	0.001 
1.046 	0.567 	0.001 
1.039 	0.554 	0.001 
1.031 	0.541 	0.000 
1.023 	0.528 	0.000 
1.013 	0.516 	0.000 
1.003 	0.503 	0.000 
0.991 	0.490 	0.000 
0.979 	0.478 	0.000 
0.966 	0.466 	0.000 
0.953 	0.453 	0.000 
0.938 	0.441 	0.000 
0.923 	0.429 	0.000 
0.907 	0.417 	0.000 
0.891 	0.405 	0.000 
0.873 	0.393 	0.000 
0.854 	0.381 	0.000 
0.835 	0.369 	0.000 
0.815 	0.357 	0.000 
0.794 	0.345 	0.000 
0.773 	0.333 	0.000 
0.751 	0.321 	0.000 
0.730 	0.309 	0.000 
0.708 	0.298 	0.000 
0.686 	0.287 	0.000 
0.664 	0.276 	0.000 
0.642 	0.265 	0.000 
0.622 	0.255 	0.000 
0.601 	0.245 	0.000 
0.581 	0.235 	0.000 
0.561 	0.226 	0.000 
0.542 	0.217 	0.000 
0.523 	0.208 	0.000 
0.504 	0.200 	0.000 
0.485 	0.191 	0.000 
0.466 	0.183 	0.000 
0.448 	0.175 	0.000 
0.430 	0.167 	0.000 
0.412 	0.160 	0.000 
0.395 	0.152 	0.000 
0.378 	0.145 	0.000 
0.361 	0.138 	0.000 
0.344 	0.132 	0.000 
0.329 	0.125 	0.000 
0.313 	0.119 	0.000 
0.298 	0.113 	0.000 
0.284 	0.107 	0.000 
0.270 	0.101 	0.000 
0.256 	0.096 	0.000 
0.243 	0.091 	0.000 
0.231 	0.086 	0.000 
0.219 	0.082 	0.000 
0.207 	0.077 	0.000 
0.196 	0.073 	0.000 
0.185 	0.069 	0.000 
0.175 	0.065 	0.000 
0.165 	0.061 	0.000 
0.155 	0.057 	0.000 
0.146 	0.054 	0.000 
0.137 	0.051 	0.000 
0.129 	0.048 	0.000 
0.121 	0.045 	0.000 
0.114 	0.042 	0.000 
0.106 	0.039 	0.000 
0.100 	0.037 	0.000 
0.093 	0.034 	0.000 
0.087 	0.032 	0.000 
0.082 	0.030 	0.000 
0.077 	0.028 	0.000 
0.072 	0.026 	0.000 
0.068 	0.025 	0.000 
0.064 	0.023 	0.000 
0.060 	0.022 	0.000 
0.056 	0.021 	0.000 
0.053 	0.019 	0.000 
0.050 	0.018 	0.000 
0.047 	0.017 	0.000 
0.044 	0.016 	0.000 
0.041 	0.015 	0.000 
0.038 	0.014 	0.000 
0.035 	0.013 	0.000 
0.033 	0.012 	0.000 
0.031 	0.011 	0.000 
0.028 	0.010 	0.000 
0.026 	0.010 	0.000 
0.024 	0.009 	0.000 
0.023 	0.008 	0.000 
0.021 	0.008 	0.000 
0.020 	0.007 	0.000 
0.018 	0.007 	0.000 
0.017 	0.006 	0.000 
0.016 	0.006 	0.000 
0.015 	0.005 	0.000 
0.014 	0.005 	0.000 
0.013 	0.005 	0.000 
0.012 	0.004 	0.000 
0.011 	0.004 	0.000 
0.011 	0.004 	0.000 
0.010 	0.004 	0.000 
0.009 	0.003 	0.000 
0.009 	0.003 	0.000 
0.008 	0.003 	0.000 
0.008 	0.003 	0.000 
0.007 	0.003 	0.000 
0.007 	0.002 	0.000 
0.006 	0.002 	0.000 
0.006 	0.002 	0.000 
0.005 	0.002 	0.000 
0.005 	0.002 	0.000 
0.005 	0.002 	0.000 
0.004 	0.002 	0.000 
0.004 	0.001 	0.000 
0.004 	0.001 	0.000 
0.004 	0.001 	0.000 
0.003 	0.001 	0.000 
0.003 	0.001 	0.000 
0.003 	0.001 	0.000 
0.003 	0.001 	0.000 
0.003 	0.001 	0.000 
0.002 	0.001 	0.000 
0.002 	0.001 	0.000 
0.002 	0.001 	0.000 
0.002 	0.001 	0.000 
0.002 	0.001 	0.000 
0.002 	0.001 	0.000 
0.002 	0.001 	0.000 
0.001 	0.001 	0.000 
0.001 	0.000 	0.000 
0.001 	0.000 	0.000 
0.001 	0.000 	0.000 
0.001 	0.000 	0.000 
0.001 	0.000 	0.000 
0.001 	0.000 	0.000 
0.001 	0.000 	0.000 
0.001 	0.000 	0.000 
0.001 	0.000 	0.000 
0.001 	0.000 	0.000 
0.001 	0.000 	0.000 
0.001 	0.000 	0.000 
0.001 	0.000 	0.000 
0.001 	0.000 	0.000 
0.000 	0.000 	0.000 
0.000 	0.000 	0.000 
0.000 	0.000 	0.000 
0.000 	0.000 	0.000 
0.000 	0.000 	0.000 
0.000 	0.000 	0.000 
0.000 	0.000 	0.000 
0.000 	0.000 	0.000 
0.000 	0.000 	0.000 
0.000 	0.000 	0.000 
0.000 	0.000 	0.000 
0.000 	0.000 	0.000 
0.000 	0.000 	0.000 
0.000 	0.000 	0.000 
0.000 	0.000 	0.000 
0.000 	0.000 	0.000 
0.000 	0.000 	0.000 
0.000 	0.000 	0.000 
0.000 	0.000 	0.000 
0.000 	0.000 	0.000 
0.000 	0.000 	0.000 
0.000 	0.000 	0.000 
0.000 	0.000 	0.000 
0.000 	0.000 	0.000 
0.000 	0.000 	0.000 
0.000 	0.000 	0.000 
0.000 	0.000 	0.000 
0.000 	0.000 	0.000 
0.000 	0.000 	0.000 
0.000 	0.000 	0.000 
0.000 	0.000 	0.000 
0.000 	0.000 	0.000 
0.000 	0.000 	0.000 
0.000 	0.000 	0.000 
0.000 	0.000 	0.000 
0.000 	0.000 	0.000 
