   1.1356967e-02   1.1813665e-02  -1.7960937e-02   1.1882424e-02   1.4872719e-02   2.6783881e-02   1.1204947e-01   7.9303676e-02   3.7165923e-02   3.8284520e-02   6.3999360e-02   3.6652565e-02
   1.1732036e-02   1.2590983e-02  -1.8987904e-02   1.1572990e-02   1.5323978e-02   2.8220745e-02   1.1544067e-01   7.9529556e-02   3.7897810e-02   3.8095032e-02   6.3881016e-02   3.7105090e-02
   1.2107105e-02   1.3368302e-02  -2.0014872e-02   1.1263555e-02   1.5775238e-02   2.9657608e-02   1.1883187e-01   7.9755436e-02   3.8629698e-02   3.7905544e-02   6.3762671e-02   3.7557615e-02
   1.2482174e-02   1.4145620e-02  -2.1041839e-02   1.0954121e-02   1.6226497e-02   3.1094471e-02   1.2222307e-01   7.9981317e-02   3.9361585e-02   3.7716056e-02   6.3644327e-02   3.8010141e-02
   1.2857243e-02   1.4922939e-02  -2.2068807e-02   1.0644686e-02   1.6677756e-02   3.2531334e-02   1.2561428e-01   8.0207197e-02   4.0093472e-02   3.7526568e-02   6.3525982e-02   3.8462666e-02
   1.3232311e-02   1.5700257e-02  -2.3095774e-02   1.0335252e-02   1.7129016e-02   3.3968197e-02   1.2900548e-01   8.0433077e-02   4.0825360e-02   3.7337080e-02   6.3407637e-02   3.8915191e-02
   1.3778478e-02   1.6839484e-02  -2.4578553e-02   9.8000680e-03   1.7624982e-02   3.6407215e-02   1.3242337e-01   7.9638556e-02   4.2040095e-02   3.5800944e-02   6.1777791e-02   3.6728201e-02
   1.4324645e-02   1.7978712e-02  -2.6061332e-02   9.2648846e-03   1.8120949e-02   3.8846232e-02   1.3584126e-01   7.8844035e-02   4.3254830e-02   3.4264809e-02   6.0147945e-02   3.4541211e-02
   1.4870812e-02   1.9117939e-02  -2.7544111e-02   8.7297011e-03   1.8616916e-02   4.1285249e-02   1.3925915e-01   7.8049513e-02   4.4469565e-02   3.2728673e-02   5.8518099e-02   3.2354221e-02
   1.5416979e-02   2.0257166e-02  -2.9026890e-02   8.1945177e-03   1.9112883e-02   4.3724266e-02   1.4267704e-01   7.7254992e-02   4.5684300e-02   3.1192537e-02   5.6888252e-02   3.0167231e-02
   1.5963145e-02   2.1396393e-02  -3.0509669e-02   7.6593342e-03   1.9608850e-02   4.6163284e-02   1.4609493e-01   7.6460471e-02   4.6899036e-02   2.9656401e-02   5.5258406e-02   2.7980241e-02
   1.6631931e-02   2.2868105e-02  -3.2450498e-02   6.9667078e-03   2.0240955e-02   4.9545015e-02   1.4819527e-01   7.4254760e-02   4.8980733e-02   2.7413868e-02   5.2320205e-02   2.5918803e-02
   1.7300716e-02   2.4339817e-02  -3.4391327e-02   6.2740813e-03   2.0873060e-02   5.2926746e-02   1.5029562e-01   7.2049048e-02   5.1062430e-02   2.5171335e-02   4.9382004e-02   2.3857365e-02
   1.7969502e-02   2.5811528e-02  -3.6332157e-02   5.5814548e-03   2.1505165e-02   5.6308477e-02   1.5239596e-01   6.9843337e-02   5.3144127e-02   2.2928803e-02   4.6443803e-02   2.1795928e-02
   1.8638287e-02   2.7283240e-02  -3.8272986e-02   4.8888283e-03   2.2137270e-02   5.9690208e-02   1.5449631e-01   6.7637625e-02   5.5225825e-02   2.0686270e-02   4.3505602e-02   1.9734490e-02
   1.9307073e-02   2.8754952e-02  -4.0213815e-02   4.1962019e-03   2.2769375e-02   6.3071939e-02   1.5659665e-01   6.5431914e-02   5.7307522e-02   1.8443737e-02   4.0567401e-02   1.7673052e-02
   2.0045037e-02   3.0422262e-02  -4.2279850e-02   3.2924415e-03   2.3525234e-02   6.6808028e-02   1.5593743e-01   6.1727148e-02   5.9035438e-02   1.6440439e-02   3.6268530e-02   1.4721255e-02
   2.0783002e-02   3.2089571e-02  -4.4345884e-02   2.3886811e-03   2.4281093e-02   7.0544117e-02   1.5527821e-01   5.8022383e-02   6.0763354e-02   1.4437140e-02   3.1969660e-02   1.1769459e-02
   2.1520966e-02   3.3756881e-02  -4.6411919e-02   1.4849208e-03   2.5036952e-02   7.4280206e-02   1.5461899e-01   5.4317617e-02   6.2491270e-02   1.2433842e-02   2.7670790e-02   8.8176619e-03
   2.2258931e-02   3.5424190e-02  -4.8477953e-02   5.8116040e-04   2.5792811e-02   7.8016295e-02   1.5395977e-01   5.0612851e-02   6.4219187e-02   1.0430544e-02   2.3371919e-02   5.8658652e-03
   2.2996896e-02   3.7091500e-02  -5.0543988e-02  -3.2259997e-04   2.6548670e-02   8.1752384e-02   1.5330054e-01   4.6908086e-02   6.5947103e-02   8.4272453e-03   1.9073049e-02   2.9140685e-03
   2.3753545e-02   3.8986351e-02  -5.2017681e-02  -2.3287043e-03   2.7719055e-02   8.4424909e-02   1.4598697e-01   4.1640518e-02   6.1331326e-02   2.1556896e-03   1.3342104e-02   8.6191411e-04
   2.4510195e-02   4.0881202e-02  -5.3491374e-02  -4.3348086e-03   2.8889439e-02   8.7097433e-02   1.3867339e-01   3.6372950e-02   5.6715549e-02  -4.1158661e-03   7.6111594e-03  -1.1902403e-03
   2.5266845e-02   4.2776054e-02  -5.4965067e-02  -6.3409129e-03   3.0059824e-02   8.9769957e-02   1.3135981e-01   3.1105383e-02   5.2099772e-02  -1.0387422e-02   1.8802147e-03  -3.2423946e-03
   2.6023495e-02   4.4670905e-02  -5.6438760e-02  -8.3470172e-03   3.1230209e-02   9.2442482e-02   1.2404623e-01   2.5837815e-02   4.7483995e-02  -1.6658978e-02  -3.8507300e-03  -5.2945490e-03
   2.6780144e-02   4.6565756e-02  -5.7912453e-02  -1.0353121e-02   3.2400594e-02   9.5115006e-02   1.1673265e-01   2.0570247e-02   4.2868218e-02  -2.2930533e-02  -9.5816747e-03  -7.3467033e-03
   2.7408750e-02   4.8261399e-02  -5.8704227e-02  -1.2654003e-02   3.3474800e-02   9.5527087e-02   1.0582940e-01   1.5584355e-02   3.3076614e-02  -3.0088787e-02  -1.4574460e-02  -9.9845430e-03
   2.8037355e-02   4.9957042e-02  -5.9496001e-02  -1.4954885e-02   3.4549007e-02   9.5939168e-02   9.4926153e-02   1.0598463e-02   2.3285010e-02  -3.7247042e-02  -1.9567245e-02  -1.2622383e-02
   2.8665960e-02   5.1652686e-02  -6.0287775e-02  -1.7255766e-02   3.5623214e-02   9.6351249e-02   8.4022904e-02   5.6125704e-03   1.3493406e-02  -4.4405296e-02  -2.4560030e-02  -1.5260222e-02
   2.9294566e-02   5.3348329e-02  -6.1079549e-02  -1.9556648e-02   3.6697420e-02   9.6763330e-02   7.3119655e-02   6.2667805e-04   3.7018020e-03  -5.1563550e-02  -2.9552815e-02  -1.7898062e-02
   2.9923171e-02   5.5043972e-02  -6.1871323e-02  -2.1857529e-02   3.7771627e-02   9.7175411e-02   6.2216405e-02  -4.3592143e-03  -6.0898021e-03  -5.8721804e-02  -3.4545600e-02  -2.0535902e-02
   3.0327987e-02   5.6172384e-02  -6.2345930e-02  -2.3393816e-02   3.8632019e-02   9.6248441e-02   5.2028508e-02  -7.8390337e-03  -1.3542785e-02  -6.2370591e-02  -3.7864823e-02  -2.3231212e-02
   3.0732803e-02   5.7300797e-02  -6.2820538e-02  -2.4930102e-02   3.9492411e-02   9.5321472e-02   4.1840611e-02  -1.1318853e-02  -2.0995768e-02  -6.6019379e-02  -4.1184046e-02  -2.5926522e-02
   3.1137619e-02   5.8429209e-02  -6.3295145e-02  -2.6466389e-02   4.0352803e-02   9.4394503e-02   3.1652714e-02  -1.4798673e-02  -2.8448751e-02  -6.9668166e-02  -4.4503269e-02  -2.8621832e-02
   3.1542436e-02   5.9557622e-02  -6.3769753e-02  -2.8002676e-02   4.1213195e-02   9.3467534e-02   2.1464817e-02  -1.8278492e-02  -3.5901734e-02  -7.3316953e-02  -4.7822491e-02  -3.1317142e-02
   3.1947252e-02   6.0686034e-02  -6.4244361e-02  -2.9538962e-02   4.2073587e-02   9.2540565e-02   1.1276919e-02  -2.1758312e-02  -4.3354717e-02  -7.6965740e-02  -5.1141714e-02  -3.4012452e-02
   3.2196579e-02   6.1441572e-02  -6.4496375e-02  -3.0451679e-02   4.2565175e-02   9.1206031e-02   3.9738055e-03  -2.3494348e-02  -4.8152768e-02  -7.8661560e-02  -5.3315429e-02  -3.5790383e-02
   3.2445906e-02   6.2197110e-02  -6.4748390e-02  -3.1364395e-02   4.3056763e-02   8.9871498e-02  -3.3293085e-03  -2.5230384e-02  -5.2950819e-02  -8.0357379e-02  -5.5489144e-02  -3.7568315e-02
   3.2695233e-02   6.2952648e-02  -6.5000404e-02  -3.2277111e-02   4.3548350e-02   8.8536965e-02  -1.0632422e-02  -2.6966420e-02  -5.7748870e-02  -8.2053199e-02  -5.7662860e-02  -3.9346246e-02
   3.2944561e-02   6.3708185e-02  -6.5252419e-02  -3.3189827e-02   4.4039938e-02   8.7202432e-02  -1.7935536e-02  -2.8702457e-02  -6.2546921e-02  -8.3749018e-02  -5.9836575e-02  -4.1124178e-02
   3.3193888e-02   6.4463723e-02  -6.5504434e-02  -3.4102544e-02   4.4531526e-02   8.5867898e-02  -2.5238650e-02  -3.0438493e-02  -6.7344973e-02  -8.5444837e-02  -6.2010290e-02  -4.2902110e-02
   3.3291395e-02   6.4899764e-02  -6.5571235e-02  -3.4426587e-02   4.4470536e-02   8.3484324e-02  -2.8946366e-02  -2.9974301e-02  -6.7573055e-02  -8.2893125e-02  -6.1176433e-02  -4.0305552e-02
   3.3388902e-02   6.5335804e-02  -6.5638036e-02  -3.4750630e-02   4.4409546e-02   8.1100750e-02  -3.2654081e-02  -2.9510108e-02  -6.7801137e-02  -8.0341412e-02  -6.0342576e-02  -3.7708994e-02
   3.3486409e-02   6.5771844e-02  -6.5704838e-02  -3.5074673e-02   4.4348556e-02   7.8717176e-02  -3.6361796e-02  -2.9045916e-02  -6.8029219e-02  -7.7789699e-02  -5.9508718e-02  -3.5112436e-02
   3.3583916e-02   6.6207885e-02  -6.5771639e-02  -3.5398716e-02   4.4287566e-02   7.6333601e-02  -4.0069512e-02  -2.8581724e-02  -6.8257301e-02  -7.5237986e-02  -5.8674861e-02  -3.2515878e-02
   3.3681423e-02   6.6643925e-02  -6.5838441e-02  -3.5722759e-02   4.4226575e-02   7.3950027e-02  -4.3777227e-02  -2.8117531e-02  -6.8485384e-02  -7.2686274e-02  -5.7841004e-02  -2.9919320e-02
   3.3721725e-02   6.6961501e-02  -6.5874162e-02  -3.5764437e-02   4.4295936e-02   7.1265894e-02  -4.5739999e-02  -2.6102889e-02  -6.6907125e-02  -6.7263798e-02  -5.6105574e-02  -2.6964220e-02
   3.3762027e-02   6.7279076e-02  -6.5909884e-02  -3.5806116e-02   4.4365297e-02   6.8581761e-02  -4.7702770e-02  -2.4088248e-02  -6.5328866e-02  -6.1841323e-02  -5.4370143e-02  -2.4009120e-02
   3.3802330e-02   6.7596652e-02  -6.5945606e-02  -3.5847794e-02   4.4434658e-02   6.5897628e-02  -4.9665542e-02  -2.2073606e-02  -6.3750608e-02  -5.6418847e-02  -5.2634713e-02  -2.1054020e-02
   3.3842632e-02   6.7914227e-02  -6.5981327e-02  -3.5889472e-02   4.4504019e-02   6.3213495e-02  -5.1628313e-02  -2.0058964e-02  -6.2172349e-02  -5.0996372e-02  -5.0899283e-02  -1.8098921e-02
   3.3882935e-02   6.8231803e-02  -6.6017049e-02  -3.5931150e-02   4.4573380e-02   6.0529362e-02  -5.3591084e-02  -1.8044323e-02  -6.0594090e-02  -4.5573896e-02  -4.9163853e-02  -1.5143821e-02
   3.3909122e-02   6.8550023e-02  -6.6010868e-02  -3.5913526e-02   4.4520171e-02   5.7125616e-02  -5.4427899e-02  -1.5552591e-02  -5.8134545e-02  -3.9108995e-02  -4.6768234e-02  -1.2650789e-02
   3.3935309e-02   6.8868243e-02  -6.6004688e-02  -3.5895902e-02   4.4466963e-02   5.3721870e-02  -5.5264713e-02  -1.3060860e-02  -5.5675000e-02  -3.2644094e-02  -4.4372615e-02  -1.0157757e-02
   3.3961497e-02   6.9186464e-02  -6.5998508e-02  -3.5878278e-02   4.4413754e-02   5.0318124e-02  -5.6101528e-02  -1.0569128e-02  -5.3215455e-02  -2.6179193e-02  -4.1976996e-02  -7.6647251e-03
   3.3987684e-02   6.9504684e-02  -6.5992327e-02  -3.5860654e-02   4.4360546e-02   4.6914378e-02  -5.6938342e-02  -8.0773970e-03  -5.0755910e-02  -1.9714292e-02  -3.9581378e-02  -5.1716931e-03
   3.4013872e-02   6.9822905e-02  -6.5986147e-02  -3.5843030e-02   4.4307337e-02   4.3510632e-02  -5.7775157e-02  -5.5856656e-03  -4.8296365e-02  -1.3249390e-02  -3.7185759e-02  -2.6786611e-03
   3.4026545e-02   7.0145022e-02  -6.5978970e-02  -3.5645369e-02   4.4077592e-02   3.9422332e-02  -5.8547177e-02  -2.5671810e-03  -4.5219548e-02  -6.1551149e-03  -3.4258346e-02   1.3785075e-03
   3.4039218e-02   7.0467139e-02  -6.5971794e-02  -3.5447709e-02   4.3847848e-02   3.5334033e-02  -5.9319198e-02   4.5130359e-04  -4.2142730e-02   9.3916057e-04  -3.1330933e-02   5.4356761e-03
   3.4051890e-02   7.0789255e-02  -6.5964618e-02  -3.5250048e-02   4.3618103e-02   3.1245733e-02  -6.0091219e-02   3.4697882e-03  -3.9065913e-02   8.0334361e-03  -2.8403520e-02   9.4928447e-03
   3.4064563e-02   7.1111372e-02  -6.5957441e-02  -3.5052388e-02   4.3388358e-02   2.7157433e-02  -6.0863240e-02   6.4882727e-03  -3.5989095e-02   1.5127712e-02  -2.5476107e-02   1.3550013e-02
   3.4077236e-02   7.1433489e-02  -6.5950265e-02  -3.4854727e-02   4.3158613e-02   2.3069134e-02  -6.1635261e-02   9.5067573e-03  -3.2912278e-02   2.2221987e-02  -2.2548694e-02   1.7607182e-02
   3.4097786e-02   7.1762766e-02  -6.5862713e-02  -3.4634330e-02   4.2922057e-02   1.8705913e-02  -6.2312209e-02   1.2479001e-02  -3.0273979e-02   2.9508501e-02  -1.9125844e-02   2.1011714e-02
   3.4118335e-02   7.2092044e-02  -6.5775161e-02  -3.4413934e-02   4.2685501e-02   1.4342693e-02  -6.2989158e-02   1.5451245e-02  -2.7635681e-02   3.6795015e-02  -1.5702993e-02   2.4416245e-02
   3.4138885e-02   7.2421321e-02  -6.5687608e-02  -3.4193537e-02   4.2448944e-02   9.9794725e-03  -6.3666107e-02   1.8423488e-02  -2.4997382e-02   4.4081529e-02  -1.2280143e-02   2.7820777e-02
   3.4159435e-02   7.2750598e-02  -6.5600056e-02  -3.3973141e-02   4.2212388e-02   5.6162521e-03  -6.4343056e-02   2.1395732e-02  -2.2359084e-02   5.1368043e-02  -8.8572926e-03   3.1225308e-02
   3.4179984e-02   7.3079875e-02  -6.5512504e-02  -3.3752745e-02   4.1975831e-02   1.2530316e-03  -6.5020005e-02   2.4367975e-02  -1.9720785e-02   5.8654557e-02  -5.4344422e-03   3.4629840e-02
   3.4188874e-02   7.3362213e-02  -6.5260950e-02  -3.3375607e-02   4.1329278e-02  -2.8740657e-03  -6.5254232e-02   2.6256031e-02  -1.7426132e-02   6.4013302e-02  -1.6786463e-03   3.7734271e-02
   3.4197765e-02   7.3644550e-02  -6.5009396e-02  -3.2998469e-02   4.0682725e-02  -7.0011631e-03  -6.5488458e-02   2.8144087e-02  -1.5131479e-02   6.9372047e-02   2.0771496e-03   4.0838701e-02
   3.4206655e-02   7.3926888e-02  -6.4757842e-02  -3.2621332e-02   4.0036172e-02  -1.1128261e-02  -6.5722685e-02   3.0032143e-02  -1.2836827e-02   7.4730792e-02   5.8329454e-03   4.3943131e-02
   3.4215545e-02   7.4209226e-02  -6.4506288e-02  -3.2244194e-02   3.9389618e-02  -1.5255358e-02  -6.5956912e-02   3.1920199e-02  -1.0542174e-02   8.0089538e-02   9.5887413e-03   4.7047562e-02
   3.4224436e-02   7.4491564e-02  -6.4254734e-02  -3.1867057e-02   3.8743065e-02  -1.9382455e-02  -6.6191138e-02   3.3808254e-02  -8.2475211e-03   8.5448283e-02   1.3344537e-02   5.0151992e-02
   3.4222018e-02   7.4721640e-02  -6.3829532e-02  -3.1368201e-02   3.7507398e-02  -2.3031645e-02  -6.5316183e-02   3.3907996e-02  -6.4881909e-03   8.8025581e-02   1.6754004e-02   5.0039392e-02
   3.4219601e-02   7.4951715e-02  -6.3404329e-02  -3.0869345e-02   3.6271730e-02  -2.6680834e-02  -6.4441228e-02   3.4007737e-02  -4.7288607e-03   9.0602878e-02   2.0163471e-02   4.9926792e-02
   3.4217183e-02   7.5181791e-02  -6.2979126e-02  -3.0370489e-02   3.5036063e-02  -3.0330024e-02  -6.3566273e-02   3.4107479e-02  -2.9695305e-03   9.3180176e-02   2.3572938e-02   4.9814192e-02
   3.4214766e-02   7.5411867e-02  -6.2553923e-02  -2.9871633e-02   3.3800395e-02  -3.3979213e-02  -6.2691318e-02   3.4207220e-02  -1.2102003e-03   9.5757474e-02   2.6982405e-02   4.9701592e-02
   3.4212348e-02   7.5641943e-02  -6.2128720e-02  -2.9372777e-02   3.2564728e-02  -3.7628403e-02  -6.1816363e-02   3.4306962e-02   5.4912985e-04   9.8334772e-02   3.0391872e-02   4.9588992e-02
   3.4219455e-02   7.5847824e-02  -6.1543771e-02  -2.8778275e-02   3.0559965e-02  -4.0970840e-02  -6.0191044e-02   3.3130507e-02   2.3004490e-03   9.7882320e-02   3.3199548e-02   4.9234064e-02
   3.4226563e-02   7.6053705e-02  -6.0958821e-02  -2.8183772e-02   2.8555203e-02  -4.4313277e-02  -5.8565725e-02   3.1954052e-02   4.0517682e-03   9.7429868e-02   3.6007224e-02   4.8879136e-02
   3.4233670e-02   7.6259587e-02  -6.0373872e-02  -2.7589270e-02   2.6550441e-02  -4.7655714e-02  -5.6940406e-02   3.0777598e-02   5.8030873e-03   9.6977416e-02   3.8814900e-02   4.8524208e-02
   3.4240778e-02   7.6465468e-02  -5.9788923e-02  -2.6994767e-02   2.4545679e-02  -5.0998151e-02  -5.5315087e-02   2.9601143e-02   7.5544065e-03   9.6524964e-02   4.1622576e-02   4.8169280e-02
   3.4247885e-02   7.6671349e-02  -5.9203974e-02  -2.6400265e-02   2.2540916e-02  -5.4340588e-02  -5.3689769e-02   2.8424688e-02   9.3057256e-03   9.6072512e-02   4.4430252e-02   4.7814352e-02
   3.4275557e-02   7.6843896e-02  -5.8429245e-02  -2.5503780e-02   1.9952728e-02  -5.7496783e-02  -5.0915265e-02   2.6308979e-02   1.1070413e-02   9.2842322e-02   4.6948971e-02   4.2826741e-02
   3.4303230e-02   7.7016442e-02  -5.7654516e-02  -2.4607296e-02   1.7364539e-02  -6.0652979e-02  -4.8140761e-02   2.4193270e-02   1.2835100e-02   8.9612132e-02   4.9467691e-02   3.7839129e-02
   3.4330902e-02   7.7188988e-02  -5.6879787e-02  -2.3710811e-02   1.4776350e-02  -6.3809174e-02  -4.5366257e-02   2.2077561e-02   1.4599787e-02   8.6381942e-02   5.1986411e-02   3.2851517e-02
   3.4358574e-02   7.7361535e-02  -5.6105058e-02  -2.2814327e-02   1.2188161e-02  -6.6965370e-02  -4.2591753e-02   1.9961852e-02   1.6364475e-02   8.3151751e-02   5.4505130e-02   2.7863906e-02
   3.4386247e-02   7.7534081e-02  -5.5330329e-02  -2.1917842e-02   9.5999726e-03  -7.0121565e-02  -3.9817250e-02   1.7846143e-02   1.8129162e-02   7.9921561e-02   5.7023850e-02   2.2876294e-02
   3.4418741e-02   7.7643237e-02  -5.4370879e-02  -2.0897772e-02   6.6882033e-03  -7.2489504e-02  -3.6596383e-02   1.5000394e-02   2.0039307e-02   7.5006341e-02   5.8489735e-02   1.7983616e-02
   3.4451235e-02   7.7752392e-02  -5.3411429e-02  -1.9877701e-02   3.7764340e-03  -7.4857443e-02  -3.3375515e-02   1.2154646e-02   2.1949453e-02   7.0091121e-02   5.9955620e-02   1.3090937e-02
   3.4483729e-02   7.7861547e-02  -5.2451979e-02  -1.8857631e-02   8.6466479e-04  -7.7225381e-02  -3.0154648e-02   9.3088969e-03   2.3859598e-02   6.5175900e-02   6.1421505e-02   8.1982589e-03
   3.4516223e-02   7.7970702e-02  -5.1492529e-02  -1.7837561e-02  -2.0471045e-03  -7.9593320e-02  -2.6933781e-02   6.4631483e-03   2.5769743e-02   6.0260680e-02   6.2887390e-02   3.3055804e-03
   3.4548717e-02   7.8079858e-02  -5.0533079e-02  -1.6817491e-02  -4.9588737e-03  -8.1961259e-02  -2.3712914e-02   3.6173997e-03   2.7679889e-02   5.5345460e-02   6.4353275e-02  -1.5870980e-03
   3.4600048e-02   7.8130291e-02  -4.9227420e-02  -1.5626770e-02  -8.1139509e-03  -8.3536626e-02  -2.0084280e-02   4.0599654e-04   2.9468575e-02   4.8174543e-02   6.5432284e-02  -8.1630147e-03
   3.4651378e-02   7.8180724e-02  -4.7921760e-02  -1.4436049e-02  -1.1269028e-02  -8.5111994e-02  -1.6455646e-02  -2.8054066e-03   3.1257261e-02   4.1003626e-02   6.6511293e-02  -1.4738931e-02
   3.4702709e-02   7.8231157e-02  -4.6616100e-02  -1.3245328e-02  -1.4424105e-02  -8.6687361e-02  -1.2827012e-02  -6.0168098e-03   3.3045947e-02   3.3832709e-02   6.7590302e-02  -2.1314848e-02
   3.4754040e-02   7.8281590e-02  -4.5310440e-02  -1.2054607e-02  -1.7579183e-02  -8.8262728e-02  -9.1983785e-03  -9.2282130e-03   3.4834633e-02   2.6661792e-02   6.8669310e-02  -2.7890765e-02
   3.4805370e-02   7.8332023e-02  -4.4004780e-02  -1.0863886e-02  -2.0734260e-02  -8.9838096e-02  -5.5697446e-03  -1.2439616e-02   3.6623319e-02   1.9490875e-02   6.9748319e-02  -3.4466682e-02
   3.4861034e-02   7.8292489e-02  -4.2358832e-02  -9.5593808e-03  -2.3890322e-02  -9.0526434e-02  -2.2475849e-03  -1.5996641e-02   3.7753882e-02   1.1289584e-02   6.9917297e-02  -3.9843157e-02
   3.4916699e-02   7.8252956e-02  -4.0712884e-02  -8.2548755e-03  -2.7046385e-02  -9.1214773e-02   1.0745749e-03  -1.9553665e-02   3.8884444e-02   3.0882927e-03   7.0086275e-02  -4.5219632e-02
   3.4972363e-02   7.8213422e-02  -3.9066935e-02  -6.9503701e-03  -3.0202447e-02  -9.1903112e-02   4.3967346e-03  -2.3110689e-02   4.0015007e-02  -5.1129985e-03   7.0255252e-02  -5.0596107e-02
   3.5028027e-02   7.8173889e-02  -3.7420987e-02  -5.6458648e-03  -3.3358510e-02  -9.2591450e-02   7.7188944e-03  -2.6667714e-02   4.1145570e-02  -1.3314290e-02   7.0424230e-02  -5.5972582e-02
   3.5083691e-02   7.8134355e-02  -3.5775038e-02  -4.3413595e-03  -3.6514573e-02  -9.3279789e-02   1.1041054e-02  -3.0224738e-02   4.2276132e-02  -2.1515581e-02   7.0593208e-02  -6.1349058e-02
   3.5155001e-02   7.8002166e-02  -3.4008584e-02  -3.0703081e-03  -3.9416291e-02  -9.2649509e-02   1.3783125e-02  -3.3901394e-02   4.3396636e-02  -2.8142540e-02   6.8717897e-02  -6.3375595e-02
   3.5226312e-02   7.7869977e-02  -3.2242129e-02  -1.7992568e-03  -4.2318009e-02  -9.2019228e-02   1.6525197e-02  -3.7578050e-02   4.4517140e-02  -3.4769499e-02   6.6842586e-02  -6.5402133e-02
   3.5297622e-02   7.7737788e-02  -3.0475675e-02  -5.2820540e-04  -4.5219727e-02  -9.1388948e-02   1.9267268e-02  -4.1254706e-02   4.5637643e-02  -4.1396458e-02   6.4967276e-02  -6.7428670e-02
   3.5368933e-02   7.7605599e-02  -2.8709220e-02   7.4284596e-04  -4.8121445e-02  -9.0758667e-02   2.2009339e-02  -4.4931362e-02   4.6758147e-02  -4.8023418e-02   6.3091965e-02  -6.9455208e-02
   3.5440243e-02   7.7473410e-02  -2.6942765e-02   2.0138973e-03  -5.1023163e-02  -9.0128386e-02   2.4751411e-02  -4.8608018e-02   4.7878651e-02  -5.4650377e-02   6.1216654e-02  -7.1481745e-02
   3.5521114e-02   7.7248836e-02  -2.4944416e-02   3.3140801e-03  -5.3564327e-02  -8.8312654e-02   2.6828739e-02  -5.1486750e-02   4.7715044e-02  -5.9837401e-02   5.7140757e-02  -6.9738323e-02
   3.5601984e-02   7.7024262e-02  -2.2946068e-02   4.6142629e-03  -5.6105490e-02  -8.6496921e-02   2.8906068e-02  -5.4365483e-02   4.7551438e-02  -6.5024425e-02   5.3064860e-02  -6.7994900e-02
   3.5682855e-02   7.6799688e-02  -2.0947719e-02   5.9144457e-03  -5.8646654e-02  -8.4681188e-02   3.0983396e-02  -5.7244216e-02   4.7387831e-02  -7.0211450e-02   4.8988963e-02  -6.6251477e-02
   3.5763726e-02   7.6575114e-02  -1.8949370e-02   7.2146285e-03  -6.1187818e-02  -8.2865455e-02   3.3060725e-02  -6.0122949e-02   4.7224224e-02  -7.5398474e-02   4.4913066e-02  -6.4508055e-02
   3.5844596e-02   7.6350540e-02  -1.6951021e-02   8.5148112e-03  -6.3728981e-02  -8.1049722e-02   3.5138053e-02  -6.3001681e-02   4.7060618e-02  -8.0585498e-02   4.0837169e-02  -6.2764632e-02
   3.5945611e-02   7.6042696e-02  -1.4875224e-02   9.7900083e-03  -6.5787584e-02  -7.8419542e-02   3.6165062e-02  -6.4223510e-02   4.6453990e-02  -8.2672704e-02   3.4663739e-02  -5.8045058e-02
   3.6046626e-02   7.5734852e-02  -1.2799427e-02   1.1065205e-02  -6.7846186e-02  -7.5789361e-02   3.7192072e-02  -6.5445339e-02   4.5847361e-02  -8.4759911e-02   2.8490309e-02  -5.3325484e-02
   3.6147640e-02   7.5427008e-02  -1.0723630e-02   1.2340403e-02  -6.9904788e-02  -7.3159181e-02   3.8219081e-02  -6.6667167e-02   4.5240733e-02  -8.6847117e-02   2.2316879e-02  -4.8605910e-02
   3.6248655e-02   7.5119164e-02  -8.6478334e-03   1.3615600e-02  -7.1963390e-02  -7.0529000e-02   3.9246091e-02  -6.7888996e-02   4.4634105e-02  -8.8934323e-02   1.6143449e-02  -4.3886336e-02
   3.6349670e-02   7.4811319e-02  -6.5720365e-03   1.4890797e-02  -7.4021992e-02  -6.7898820e-02   4.0273100e-02  -6.9110825e-02   4.4027476e-02  -9.1021530e-02   9.9700188e-03  -3.9166762e-02
   3.6469862e-02   7.4452678e-02  -4.3998401e-03   1.6560564e-02  -7.5694952e-02  -6.4498422e-02   4.0854858e-02  -6.8560210e-02   4.2042030e-02  -8.8970184e-02   2.3856808e-03  -3.2315124e-02
   3.6590054e-02   7.4094036e-02  -2.2276438e-03   1.8230332e-02  -7.7367912e-02  -6.1098025e-02   4.1436616e-02  -6.8009595e-02   4.0056584e-02  -8.6918839e-02  -5.1986572e-03  -2.5463485e-02
   3.6710246e-02   7.3735394e-02  -5.5447504e-05   1.9900100e-02  -7.9040871e-02  -5.7697627e-02   4.2018374e-02  -6.7458981e-02   3.8071139e-02  -8.4867493e-02  -1.2782995e-02  -1.8611847e-02
   3.6830438e-02   7.3376752e-02   2.1167488e-03   2.1569867e-02  -8.0713831e-02  -5.4297230e-02   4.2600132e-02  -6.6908366e-02   3.6085693e-02  -8.2816147e-02  -2.0367333e-02  -1.1760209e-02
   3.6950630e-02   7.3018110e-02   4.2889451e-03   2.3239635e-02  -8.2386791e-02  -5.0896832e-02   4.3181890e-02  -6.6357751e-02   3.4100247e-02  -8.0764802e-02  -2.7951671e-02  -4.9085709e-03
   3.7087158e-02   7.2626786e-02   6.5363202e-03   2.5110210e-02  -8.3650186e-02  -4.7230881e-02   4.3045434e-02  -6.4361941e-02   3.0681205e-02  -7.4959825e-02  -3.5034675e-02   3.1980350e-03
   3.7223686e-02   7.2235461e-02   8.7836952e-03   2.6980786e-02  -8.4913582e-02  -4.3564931e-02   4.2908978e-02  -6.2366130e-02   2.7262164e-02  -6.9154848e-02  -4.2117679e-02   1.1304641e-02
   3.7360214e-02   7.1844137e-02   1.1031070e-02   2.8851361e-02  -8.6176978e-02  -3.9898980e-02   4.2772522e-02  -6.0370319e-02   2.3843122e-02  -6.3349872e-02  -4.9200683e-02   1.9411247e-02
   3.7496742e-02   7.1452813e-02   1.3278445e-02   3.0721937e-02  -8.7440373e-02  -3.6233030e-02   4.2636066e-02  -5.8374508e-02   2.0424081e-02  -5.7544895e-02  -5.6283687e-02   2.7517853e-02
   3.7633269e-02   7.1061489e-02   1.5525820e-02   3.2592512e-02  -8.8703769e-02  -3.2567079e-02   4.2499610e-02  -5.6378698e-02   1.7005039e-02  -5.1739918e-02  -6.3366691e-02   3.5624458e-02
   3.7769636e-02   7.0648414e-02   1.7784894e-02   3.4814666e-02  -8.9293931e-02  -2.8867612e-02   4.1842967e-02  -5.3033393e-02   1.1598450e-02  -4.4709813e-02  -6.7456456e-02   4.3132814e-02
   3.7906003e-02   7.0235340e-02   2.0043969e-02   3.7036820e-02  -8.9884093e-02  -2.5168144e-02   4.1186324e-02  -4.9688089e-02   6.1918612e-03  -3.7679708e-02  -7.1546221e-02   5.0641170e-02
   3.8042370e-02   6.9822266e-02   2.2303043e-02   3.9258974e-02  -9.0474256e-02  -2.1468677e-02   4.0529681e-02  -4.6342785e-02   7.8527216e-04  -3.0649603e-02  -7.5635986e-02   5.8149525e-02
   3.8178737e-02   6.9409191e-02   2.4562117e-02   4.1481128e-02  -9.1064418e-02  -1.7769209e-02   3.9873038e-02  -4.2997481e-02  -4.6213169e-03  -2.3619497e-02  -7.9725751e-02   6.5657881e-02
   3.8315103e-02   6.8996117e-02   2.6821191e-02   4.3703282e-02  -9.1654580e-02  -1.4069742e-02   3.9216395e-02  -3.9652177e-02  -1.0027906e-02  -1.6589392e-02  -8.3815516e-02   7.3166237e-02
   3.8450132e-02   6.8555391e-02   2.9219593e-02   4.5897017e-02  -9.1510653e-02  -1.0205929e-02   3.7629044e-02  -3.5012555e-02  -1.5691466e-02  -9.2906239e-03  -8.3974503e-02   7.8123744e-02
   3.8585160e-02   6.8114665e-02   3.1617994e-02   4.8090752e-02  -9.1366725e-02  -6.3421158e-03   3.6041694e-02  -3.0372934e-02  -2.1355026e-02  -1.9918558e-03  -8.4133489e-02   8.3081250e-02
   3.8720189e-02   6.7673939e-02   3.4016396e-02   5.0284486e-02  -9.1222797e-02  -2.4783029e-03   3.4454343e-02  -2.5733313e-02  -2.7018587e-02   5.3069124e-03  -8.4292475e-02   8.8038757e-02
   3.8855217e-02   6.7233213e-02   3.6414798e-02   5.2478221e-02  -9.1078870e-02   1.3855101e-03   3.2866992e-02  -2.1093691e-02  -3.2682147e-02   1.2605681e-02  -8.4451461e-02   9.2996264e-02
   3.8990246e-02   6.6792487e-02   3.8813199e-02   5.4671955e-02  -9.0934942e-02   5.2493230e-03   3.1279642e-02  -1.6454070e-02  -3.8345707e-02   1.9904449e-02  -8.4610447e-02   9.7953771e-02
   3.9100898e-02   6.6308048e-02   4.1073760e-02   5.6343239e-02  -8.9954717e-02   8.7195029e-03   2.8960730e-02  -1.1359409e-02  -4.3356286e-02   2.4779551e-02  -8.1012792e-02   9.8561642e-02
   3.9211551e-02   6.5823608e-02   4.3334320e-02   5.8014522e-02  -8.8974492e-02   1.2189683e-02   2.6641819e-02  -6.2647481e-03  -4.8366864e-02   2.9654654e-02  -7.7415138e-02   9.9169513e-02
   3.9322203e-02   6.5339169e-02   4.5594880e-02   5.9685806e-02  -8.7994267e-02   1.5659863e-02   2.4322907e-02  -1.1700872e-03  -5.3377443e-02   3.4529757e-02  -7.3817483e-02   9.9777385e-02
   3.9432856e-02   6.4854729e-02   4.7855441e-02   6.1357089e-02  -8.7014042e-02   1.9130042e-02   2.2003996e-02   3.9245738e-03  -5.8388021e-02   3.9404859e-02  -7.0219829e-02   1.0038526e-01
   3.9543508e-02   6.4370290e-02   5.0116001e-02   6.3028373e-02  -8.6033817e-02   2.2600222e-02   1.9685084e-02   9.0192348e-03  -6.3398600e-02   4.4279962e-02  -6.6622175e-02   1.0099313e-01
   3.9637172e-02   6.3820514e-02   5.2224350e-02   6.3740726e-02  -8.4185410e-02   2.5544500e-02   1.6698764e-02   1.3427878e-02  -6.5567542e-02   4.6409521e-02  -6.1770237e-02   9.6658547e-02
   3.9730836e-02   6.3270739e-02   5.4332700e-02   6.4453079e-02  -8.2337003e-02   2.8488777e-02   1.3712444e-02   1.7836521e-02  -6.7736484e-02   4.8539081e-02  -5.6918300e-02   9.2323967e-02
   3.9824499e-02   6.2720964e-02   5.6441049e-02   6.5165433e-02  -8.0488596e-02   3.1433054e-02   1.0726123e-02   2.2245165e-02  -6.9905426e-02   5.0668640e-02  -5.2066363e-02   8.7989387e-02
   3.9918163e-02   6.2171189e-02   5.8549398e-02   6.5877786e-02  -7.8640189e-02   3.4377331e-02   7.7398029e-03   2.6653808e-02  -7.2074368e-02   5.2798200e-02  -4.7214426e-02   8.3654807e-02
   4.0011827e-02   6.1621414e-02   6.0657747e-02   6.6590139e-02  -7.6791782e-02   3.7321609e-02   4.7534826e-03   3.1062452e-02  -7.4243310e-02   5.4927759e-02  -4.2362489e-02   7.9320227e-02
   4.0101575e-02   6.1009293e-02   6.2363045e-02   6.6302233e-02  -7.4171019e-02   3.9335075e-02   2.0587835e-03   3.4118333e-02  -7.3203048e-02   5.4319125e-02  -3.6992782e-02   7.0922887e-02
   4.0191323e-02   6.0397173e-02   6.4068342e-02   6.6014327e-02  -7.1550256e-02   4.1348541e-02  -6.3591548e-04   3.7174215e-02  -7.2162786e-02   5.3710490e-02  -3.1623075e-02   6.2525547e-02
   4.0281071e-02   5.9785052e-02   6.5773640e-02   6.5726421e-02  -6.8929492e-02   4.3362007e-02  -3.3306145e-03   4.0230097e-02  -7.1122524e-02   5.3101855e-02  -2.6253368e-02   5.4128207e-02
   4.0370818e-02   5.9172931e-02   6.7478937e-02   6.5438515e-02  -6.6308729e-02   4.5375474e-02  -6.0253135e-03   4.3285979e-02  -7.0082262e-02   5.2493221e-02  -2.0883661e-02   4.5730867e-02
   4.0460566e-02   5.8560811e-02   6.9184235e-02   6.5150610e-02  -6.3687966e-02   4.7388940e-02  -8.7200126e-03   4.6341861e-02  -6.9042000e-02   5.1884586e-02  -1.5513954e-02   3.7333527e-02
   4.0562921e-02   5.7878261e-02   7.0518712e-02   6.4140978e-02  -6.0375419e-02   4.8488629e-02  -1.0790026e-02   4.7833766e-02  -6.5931105e-02   5.0688055e-02  -1.0321827e-02   2.6235023e-02
   4.0665275e-02   5.7195711e-02   7.1853189e-02   6.3131346e-02  -5.7062872e-02   4.9588317e-02  -1.2860040e-02   4.9325671e-02  -6.2820210e-02   4.9491524e-02  -5.1297003e-03   1.5136519e-02
   4.0767630e-02   5.6513161e-02   7.3187666e-02   6.2121714e-02  -5.3750325e-02   5.0688006e-02  -1.4930054e-02   5.0817576e-02  -5.9709315e-02   4.8294993e-02   6.2426653e-05   4.0380144e-03
   4.0869984e-02   5.5830612e-02   7.4522143e-02   6.1112082e-02  -5.0437777e-02   5.1787694e-02  -1.7000068e-02   5.2309480e-02  -5.6598419e-02   4.7098463e-02   5.2545536e-03  -7.0604899e-03
   4.0972338e-02   5.5148062e-02   7.5856620e-02   6.0102450e-02  -4.7125230e-02   5.2887383e-02  -1.9070082e-02   5.3801385e-02  -5.3487524e-02   4.5901932e-02   1.0446681e-02  -1.8158994e-02
   4.1089947e-02   5.4393204e-02   7.6918927e-02   5.8677909e-02  -4.3579402e-02   5.3318325e-02  -2.0657583e-02   5.3887641e-02  -4.9212116e-02   4.4271358e-02   1.4236158e-02  -2.7856652e-02
   4.1207555e-02   5.3638346e-02   7.7981233e-02   5.7253368e-02  -4.0033573e-02   5.3749268e-02  -2.2245084e-02   5.3973896e-02  -4.4936707e-02   4.2640784e-02   1.8025635e-02  -3.7554310e-02
   4.1325164e-02   5.2883487e-02   7.9043540e-02   5.5828827e-02  -3.6487745e-02   5.4180211e-02  -2.3832585e-02   5.4060152e-02  -4.0661299e-02   4.1010210e-02   2.1815112e-02  -4.7251969e-02
   4.1442772e-02   5.2128629e-02   8.0105847e-02   5.4404287e-02  -3.2941916e-02   5.4611154e-02  -2.5420086e-02   5.4146407e-02  -3.6385891e-02   3.9379635e-02   2.5604589e-02  -5.6949627e-02
   4.1560381e-02   5.1373771e-02   8.1168153e-02   5.2979746e-02  -2.9396087e-02   5.5042097e-02  -2.7007587e-02   5.4232662e-02  -3.2110482e-02   3.7749061e-02   2.9394067e-02  -6.6647285e-02
   4.1663356e-02   5.0640706e-02   8.1793161e-02   5.1333789e-02  -2.5894563e-02   5.5032046e-02  -2.7753319e-02   5.3063466e-02  -2.7608320e-02   3.6304504e-02   3.1517223e-02  -7.3941818e-02
   4.1766332e-02   4.9907641e-02   8.2418168e-02   4.9687833e-02  -2.2393039e-02   5.5021995e-02  -2.8499052e-02   5.1894269e-02  -2.3106157e-02   3.4859946e-02   3.3640380e-02  -8.1236351e-02
   4.1869307e-02   4.9174575e-02   8.3043175e-02   4.8041876e-02  -1.8891515e-02   5.5011944e-02  -2.9244784e-02   5.0725073e-02  -1.8603995e-02   3.3415389e-02   3.5763537e-02  -8.8530885e-02
   4.1972282e-02   4.8441510e-02   8.3668183e-02   4.6395920e-02  -1.5389990e-02   5.5001892e-02  -2.9990516e-02   4.9555877e-02  -1.4101832e-02   3.1970831e-02   3.7886694e-02  -9.5825418e-02
   4.2075258e-02   4.7708445e-02   8.4293190e-02   4.4749963e-02  -1.1888466e-02   5.4991841e-02  -3.0736248e-02   4.8386680e-02  -9.5996695e-03   3.0526274e-02   4.0009851e-02  -1.0311995e-01
   4.2158058e-02   4.6978747e-02   8.4727354e-02   4.2785297e-02  -8.2848237e-03   5.4697269e-02  -3.1454228e-02   4.6353046e-02  -5.5990063e-03   2.8905773e-02   4.1014262e-02  -1.0760597e-01
   4.2240857e-02   4.6249050e-02   8.5161518e-02   4.0820631e-02  -4.6811812e-03   5.4402697e-02  -3.2172209e-02   4.4319412e-02  -1.5983432e-03   2.7285273e-02   4.2018674e-02  -1.1209198e-01
   4.2323657e-02   4.5519352e-02   8.5595682e-02   3.8855965e-02  -1.0775387e-03   5.4108126e-02  -3.2890189e-02   4.2285778e-02   2.4023200e-03   2.5664773e-02   4.3023086e-02  -1.1657799e-01
   4.2406457e-02   4.4789654e-02   8.6029845e-02   3.6891299e-02   2.5261038e-03   5.3813554e-02  -3.3608169e-02   4.0252143e-02   6.4029832e-03   2.4044273e-02   4.4027498e-02  -1.2106401e-01
   4.2489256e-02   4.4059957e-02   8.6464009e-02   3.4926633e-02   6.1297464e-03   5.3518982e-02  -3.4326149e-02   3.8218509e-02   1.0403646e-02   2.2423772e-02   4.5031910e-02  -1.2555002e-01
   4.2553478e-02   4.3390219e-02   8.6879008e-02   3.2972572e-02   9.6609505e-03   5.3011347e-02  -3.5313851e-02   3.6322941e-02   1.3840628e-02   1.9154591e-02   4.5199736e-02  -1.2512060e-01
   4.2617700e-02   4.2720482e-02   8.7294007e-02   3.1018512e-02   1.3192155e-02   5.2503712e-02  -3.6301552e-02   3.4427373e-02   1.7277609e-02   1.5885410e-02   4.5367561e-02  -1.2469118e-01
   4.2681922e-02   4.2050745e-02   8.7709006e-02   2.9064452e-02   1.6723359e-02   5.1996077e-02  -3.7289254e-02   3.2531805e-02   2.0714590e-02   1.2616230e-02   4.5535387e-02  -1.2426177e-01
   4.2746144e-02   4.1381008e-02   8.8124005e-02   2.7110391e-02   2.0254563e-02   5.1488442e-02  -3.8276955e-02   3.0636237e-02   2.4151571e-02   9.3470487e-03   4.5703213e-02  -1.2383235e-01
   4.2810366e-02   4.0711271e-02   8.8539004e-02   2.5156331e-02   2.3785767e-02   5.0980807e-02  -3.9264656e-02   2.8740669e-02   2.7588553e-02   6.0778678e-03   4.5871039e-02  -1.2340293e-01
   4.2859742e-02   4.0038710e-02   8.8917678e-02   2.3215225e-02   2.7255737e-02   4.9725574e-02  -4.0129004e-02   2.7172535e-02   3.1166414e-02   9.1621776e-04   4.5424777e-02  -1.1638491e-01
   4.2909118e-02   3.9366149e-02   8.9296353e-02   2.1274120e-02   3.0725707e-02   4.8470340e-02  -4.0993351e-02   2.5604401e-02   3.4744276e-02  -4.2454323e-03   4.4978514e-02  -1.0936689e-01
   4.2958494e-02   3.8693588e-02   8.9675028e-02   1.9333015e-02   3.4195677e-02   4.7215106e-02  -4.1857698e-02   2.4036266e-02   3.8322138e-02  -9.4070824e-03   4.4532252e-02  -1.0234887e-01
   4.3007870e-02   3.8021027e-02   9.0053703e-02   1.7391910e-02   3.7665647e-02   4.5959873e-02  -4.2722046e-02   2.2468132e-02   4.1899999e-02  -1.4568732e-02   4.4085989e-02  -9.5330851e-02
   4.3057246e-02   3.7348466e-02   9.0432378e-02   1.5450804e-02   4.1135617e-02   4.4704639e-02  -4.3586393e-02   2.0899997e-02   4.5477861e-02  -1.9730383e-02   4.3639727e-02  -8.8312830e-02
   4.3113747e-02   3.6673386e-02   9.0718522e-02   1.3601062e-02   4.4461414e-02   4.3034592e-02  -4.4392899e-02   1.8866917e-02   4.8952242e-02  -2.4800259e-02   4.3481587e-02  -7.7272329e-02
   4.3170248e-02   3.5998305e-02   9.1004666e-02   1.1751320e-02   4.7787211e-02   4.1364546e-02  -4.5199404e-02   1.6833837e-02   5.2426624e-02  -2.9870135e-02   4.3323447e-02  -6.6231827e-02
   4.3226749e-02   3.5323224e-02   9.1290810e-02   9.9015772e-03   5.1113009e-02   3.9694499e-02  -4.6005910e-02   1.4800756e-02   5.5901005e-02  -3.4940012e-02   4.3165308e-02  -5.5191326e-02
   4.3283250e-02   3.4648143e-02   9.1576954e-02   8.0518347e-03   5.4438806e-02   3.8024453e-02  -4.6812415e-02   1.2767676e-02   5.9375387e-02  -4.0009888e-02   4.3007168e-02  -4.4150824e-02
   4.3339751e-02   3.3973063e-02   9.1863098e-02   6.2020923e-03   5.7764604e-02   3.6354406e-02  -4.7618921e-02   1.0734596e-02   6.2849768e-02  -4.5079765e-02   4.2849028e-02  -3.3110323e-02
   4.3433491e-02   3.3274336e-02   9.1940978e-02   4.6015013e-03   6.1017200e-02   3.4101289e-02  -4.7526399e-02   7.5891567e-03   6.5460025e-02  -4.9002541e-02   4.2853421e-02  -1.9078145e-02
   4.3527231e-02   3.2575609e-02   9.2018858e-02   3.0009102e-03   6.4269797e-02   3.1848172e-02  -4.7433878e-02   4.4437178e-03   6.8070282e-02  -5.2925317e-02   4.2857814e-02  -5.0459675e-03
   4.3620971e-02   3.1876882e-02   9.2096739e-02   1.4003192e-03   6.7522393e-02   2.9595055e-02  -4.7341356e-02   1.2982789e-03   7.0680539e-02  -5.6848093e-02   4.2862207e-02   8.9862102e-03
   4.3714711e-02   3.1178155e-02   9.2174619e-02  -2.0027186e-04   7.0774990e-02   2.7341938e-02  -4.7248835e-02  -1.8471600e-03   7.3290797e-02  -6.0770869e-02   4.2866600e-02   2.3018388e-02
   4.3808451e-02   3.0479428e-02   9.2252499e-02  -1.8008629e-03   7.4027586e-02   2.5088821e-02  -4.7156313e-02  -4.9925990e-03   7.5901054e-02  -6.4693646e-02   4.2870992e-02   3.7050566e-02
   4.3932917e-02   2.9722412e-02   9.2029114e-02  -3.3247259e-03   7.6659182e-02   2.2380279e-02  -4.5670750e-02  -8.0613440e-03   7.6293380e-02  -6.5302357e-02   4.1403422e-02   4.9545890e-02
   4.4057383e-02   2.8965396e-02   9.1805728e-02  -4.8485889e-03   7.9290778e-02   1.9671737e-02  -4.4185188e-02  -1.1130089e-02   7.6685706e-02  -6.5911068e-02   3.9935851e-02   6.2041214e-02
   4.4181849e-02   2.8208380e-02   9.1582343e-02  -6.3724519e-03   8.1922374e-02   1.6963196e-02  -4.2699625e-02  -1.4198834e-02   7.7078032e-02  -6.6519779e-02   3.8468280e-02   7.4536538e-02
   4.4306316e-02   2.7451365e-02   9.1358958e-02  -7.8963149e-03   8.4553970e-02   1.4254654e-02  -4.1214063e-02  -1.7267579e-02   7.7470358e-02  -6.7128491e-02   3.7000710e-02   8.7031862e-02
   4.4430782e-02   2.6694349e-02   9.1135573e-02  -9.4201779e-03   8.7185567e-02   1.1546112e-02  -3.9728500e-02  -2.0336324e-02   7.7862685e-02  -6.7737202e-02   3.5533139e-02   9.9527186e-02
   4.4594988e-02   2.5836481e-02   9.0557155e-02  -1.1105214e-02   8.8923199e-02   8.2619359e-03  -3.5976353e-02  -2.3587401e-02   7.6279229e-02  -6.5539584e-02   3.1905493e-02   1.0591234e-01
   4.4759195e-02   2.4978613e-02   8.9978736e-02  -1.2790249e-02   9.0660831e-02   4.9777599e-03  -3.2224207e-02  -2.6838478e-02   7.4695773e-02  -6.3341966e-02   2.8277846e-02   1.1229750e-01
   4.4923402e-02   2.4120746e-02   8.9400318e-02  -1.4475285e-02   9.2398464e-02   1.6935839e-03  -2.8472060e-02  -3.0089555e-02   7.3112317e-02  -6.1144348e-02   2.4650200e-02   1.1868265e-01
   4.5087609e-02   2.3262878e-02   8.8821899e-02  -1.6160320e-02   9.4136096e-02  -1.5905921e-03  -2.4719913e-02  -3.3340632e-02   7.1528861e-02  -5.8946730e-02   2.1022553e-02   1.2506781e-01
   4.5251815e-02   2.2405011e-02   8.8243481e-02  -1.7845356e-02   9.5873729e-02  -4.8747681e-03  -2.0967766e-02  -3.6591709e-02   6.9945405e-02  -5.6749112e-02   1.7394907e-02   1.3145296e-01
   4.5465761e-02   2.1436432e-02   8.7377119e-02  -1.9658559e-02   9.6630812e-02  -8.5301715e-03  -1.5522044e-02  -3.8790307e-02   6.6032344e-02  -5.0853414e-02   1.2244498e-02   1.2914148e-01
   4.5679706e-02   2.0467853e-02   8.6510758e-02  -2.1471763e-02   9.7387896e-02  -1.2185575e-02  -1.0076323e-02  -4.0988906e-02   6.2119283e-02  -4.4957716e-02   7.0940882e-03   1.2682999e-01
   4.5893652e-02   1.9499274e-02   8.5644396e-02  -2.3284966e-02   9.8144979e-02  -1.5840978e-02  -4.6306010e-03  -4.3187504e-02   5.8206222e-02  -3.9062018e-02   1.9436790e-03   1.2451850e-01
   4.6107597e-02   1.8530695e-02   8.4778035e-02  -2.5098169e-02   9.8902062e-02  -1.9496382e-02   8.1512067e-04  -4.5386103e-02   5.4293161e-02  -3.3166319e-02  -3.2067303e-03   1.2220701e-01
   4.6321542e-02   1.7562116e-02   8.3911673e-02  -2.6911373e-02   9.9659146e-02  -2.3151785e-02   6.2608423e-03  -4.7584701e-02   5.0380100e-02  -2.7270621e-02  -8.3571396e-03   1.1989552e-01
   4.6556154e-02   1.6501837e-02   8.2734236e-02  -2.8988963e-02   9.9183229e-02  -2.6648891e-02   1.2217811e-02  -4.8520743e-02   4.4194236e-02  -2.0539581e-02  -1.3988697e-02   1.1083011e-01
   4.6790766e-02   1.5441559e-02   8.1556800e-02  -3.1066553e-02   9.8707312e-02  -3.0145996e-02   1.8174779e-02  -4.9456786e-02   3.8008373e-02  -1.3808540e-02  -1.9620255e-02   1.0176470e-01
   4.7025378e-02   1.4381281e-02   8.0379363e-02  -3.3144143e-02   9.8231396e-02  -3.3643102e-02   2.4131747e-02  -5.0392828e-02   3.1822510e-02  -7.0774996e-03  -2.5251812e-02   9.2699287e-02
   4.7259990e-02   1.3321003e-02   7.9201926e-02  -3.5221733e-02   9.7755479e-02  -3.7140207e-02   3.0088716e-02  -5.1328870e-02   2.5636647e-02  -3.4645911e-04  -3.0883370e-02   8.3633877e-02
   4.7494602e-02   1.2260724e-02   7.8024489e-02  -3.7299323e-02   9.7279562e-02  -4.0637313e-02   3.6045684e-02  -5.2264912e-02   1.9450784e-02   6.3845814e-03  -3.6514927e-02   7.4568466e-02
   4.7727629e-02   1.1123235e-02   7.6622487e-02  -3.9626901e-02   9.5768205e-02  -4.3520485e-02   4.1260445e-02  -5.1843650e-02   1.2382076e-02   1.2847065e-02  -4.1534739e-02   6.2777646e-02
   4.7960656e-02   9.9857453e-03   7.5220484e-02  -4.1954479e-02   9.4256848e-02  -4.6403657e-02   4.6475207e-02  -5.1422389e-02   5.3133684e-03   1.9309548e-02  -4.6554551e-02   5.0986826e-02
   4.8193683e-02   8.8482558e-03   7.3818482e-02  -4.4282057e-02   9.2745491e-02  -4.9286829e-02   5.1689968e-02  -5.1001127e-02  -1.7553392e-03   2.5772031e-02  -5.1574363e-02   3.9196007e-02
   4.8426711e-02   7.7107664e-03   7.2416479e-02  -4.6609635e-02   9.1234134e-02  -5.2170001e-02   5.6904730e-02  -5.0579865e-02  -8.8240468e-03   3.2234514e-02  -5.6594176e-02   2.7405187e-02
   4.8659738e-02   6.5732769e-03   7.1014477e-02  -4.8937213e-02   8.9722777e-02  -5.5053173e-02   6.2119491e-02  -5.0158604e-02  -1.5892754e-02   3.8696997e-02  -6.1613988e-02   1.5614367e-02
   4.8907667e-02   5.4064036e-03   6.9437505e-02  -5.1050023e-02   8.6912234e-02  -5.6842598e-02   6.5540789e-02  -4.8605013e-02  -2.2048715e-02   4.3068572e-02  -6.4020577e-02   3.2834592e-03
   4.9155597e-02   4.2395303e-03   6.7860534e-02  -5.3162832e-02   8.4101691e-02  -5.8632022e-02   6.8962087e-02  -4.7051422e-02  -2.8204676e-02   4.7440146e-02  -6.6427166e-02  -9.0474487e-03
   4.9403527e-02   3.0726570e-03   6.6283563e-02  -5.5275642e-02   8.1291148e-02  -6.0421446e-02   7.2383385e-02  -4.5497832e-02  -3.4360637e-02   5.1811721e-02  -6.8833756e-02  -2.1378357e-02
   4.9651456e-02   1.9057837e-03   6.4706591e-02  -5.7388451e-02   7.8480604e-02  -6.2210871e-02   7.5804684e-02  -4.3944241e-02  -4.0516598e-02   5.6183296e-02  -7.1240345e-02  -3.3709265e-02
   4.9899386e-02   7.3891035e-04   6.3129620e-02  -5.9501261e-02   7.5670061e-02  -6.4000295e-02   7.9225982e-02  -4.2390650e-02  -4.6672559e-02   6.0554871e-02  -7.3646935e-02  -4.6040173e-02
   5.0166515e-02  -4.7229023e-04   6.1420937e-02  -6.1239092e-02   7.1860909e-02  -6.4314604e-02   8.0226473e-02  -3.9652938e-02  -5.0560466e-02   6.2292860e-02  -7.2850459e-02  -5.2605869e-02
   5.0433645e-02  -1.6834908e-03   5.9712255e-02  -6.2976922e-02   6.8051756e-02  -6.4628914e-02   8.1226965e-02  -3.6915226e-02  -5.4448372e-02   6.4030850e-02  -7.2053984e-02  -5.9171565e-02
   5.0700774e-02  -2.8946914e-03   5.8003573e-02  -6.4714753e-02   6.4242603e-02  -6.4943223e-02   8.2227457e-02  -3.4177513e-02  -5.8336279e-02   6.5768839e-02  -7.1257508e-02  -6.5737261e-02
   5.0967904e-02  -4.1058920e-03   5.6294890e-02  -6.6452583e-02   6.0433451e-02  -6.5257532e-02   8.3227948e-02  -3.1439801e-02  -6.2224186e-02   6.7506829e-02  -7.0461033e-02  -7.2302957e-02
   5.1235034e-02  -5.3170926e-03   5.4586208e-02  -6.8190414e-02   5.6624298e-02  -6.5571842e-02   8.4228440e-02  -2.8702089e-02  -6.6112092e-02   6.9244819e-02  -6.9664557e-02  -7.8868653e-02
   5.1508409e-02  -6.5242880e-03   5.2796874e-02  -6.9396582e-02   5.2070774e-02  -6.4794267e-02   8.2726704e-02  -2.4888725e-02  -6.8065259e-02   6.7764595e-02  -6.5714111e-02  -7.9597657e-02
   5.1781783e-02  -7.7314835e-03   5.1007540e-02  -7.0602750e-02   4.7517251e-02  -6.4016693e-02   8.1224968e-02  -2.1075360e-02  -7.0018426e-02   6.6284372e-02  -6.1763665e-02  -8.0326661e-02
   5.2055158e-02  -8.9386790e-03   4.9218206e-02  -7.1808918e-02   4.2963727e-02  -6.3239119e-02   7.9723232e-02  -1.7261996e-02  -7.1971593e-02   6.4804148e-02  -5.7813219e-02  -8.1055664e-02
   5.2328533e-02  -1.0145874e-02   4.7428871e-02  -7.3015085e-02   3.8410204e-02  -6.2461544e-02   7.8221496e-02  -1.3448632e-02  -7.3924759e-02   6.3323924e-02  -5.3862773e-02  -8.1784668e-02
   5.2601908e-02  -1.1353070e-02   4.5639537e-02  -7.4221253e-02   3.3856680e-02  -6.1683970e-02   7.6719761e-02  -9.6352672e-03  -7.5877926e-02   6.1843701e-02  -4.9912327e-02  -8.2513671e-02
   5.2867592e-02  -1.2516272e-02   4.3881680e-02  -7.5023150e-02   2.9003902e-02  -5.9921050e-02   7.3224005e-02  -4.9485533e-03  -7.6221232e-02   5.6273481e-02  -4.3900721e-02  -7.8753700e-02
   5.3133277e-02  -1.3679475e-02   4.2123823e-02  -7.5825046e-02   2.4151123e-02  -5.8158129e-02   6.9728249e-02  -2.6183934e-04  -7.6564539e-02   5.0703262e-02  -3.7889115e-02  -7.4993728e-02
   5.3398961e-02  -1.4842678e-02   4.0365966e-02  -7.6626943e-02   1.9298345e-02  -5.6395209e-02   6.6232493e-02   4.4248746e-03  -7.6907845e-02   4.5133043e-02  -3.1877510e-02  -7.1233756e-02
   5.3664645e-02  -1.6005880e-02   3.8608109e-02  -7.7428839e-02   1.4445566e-02  -5.4632289e-02   6.2736737e-02   9.1115886e-03  -7.7251151e-02   3.9562824e-02  -2.5865904e-02  -6.7473785e-02
   5.3930330e-02  -1.7169083e-02   3.6850251e-02  -7.8230736e-02   9.5927875e-03  -5.2869368e-02   5.9240981e-02   1.3798303e-02  -7.7594458e-02   3.3992605e-02  -1.9854298e-02  -6.3713813e-02
   5.4169443e-02  -1.8193944e-02   3.5319199e-02  -7.8619764e-02   5.2425949e-03  -5.0868034e-02   5.5314744e-02   1.8439071e-02  -7.7232738e-02   2.7347176e-02  -1.3600710e-02  -5.8009013e-02
   5.4408557e-02  -1.9218804e-02   3.3788148e-02  -7.9008793e-02   8.9240236e-04  -4.8866699e-02   5.1388507e-02   2.3079840e-02  -7.6871019e-02   2.0701747e-02  -7.3471218e-03  -5.2304214e-02
   5.4647670e-02  -2.0243665e-02   3.2257096e-02  -7.9397822e-02  -3.4577902e-03  -4.6865364e-02   4.7462270e-02   2.7720608e-02  -7.6509300e-02   1.4056317e-02  -1.0935338e-03  -4.6599414e-02
   5.4886784e-02  -2.1268526e-02   3.0726044e-02  -7.9786850e-02  -7.8079828e-03  -4.4864029e-02   4.3536033e-02   3.2361377e-02  -7.6147581e-02   7.4108879e-03   5.1600543e-03  -4.0894615e-02
   5.5125897e-02  -2.2293387e-02   2.9194992e-02  -8.0175879e-02  -1.2158175e-02  -4.2862695e-02   3.9609796e-02   3.7002146e-02  -7.5785861e-02   7.6545861e-04   1.1413642e-02  -3.5189815e-02
   5.5344702e-02  -2.3201601e-02   2.7816209e-02  -8.0273623e-02  -1.5902785e-02  -4.0670465e-02   3.5794237e-02   4.1234406e-02  -7.4746567e-02  -5.3728217e-03   1.6586581e-02  -2.9410610e-02
   5.5563507e-02  -2.4109816e-02   2.6437426e-02  -8.0371366e-02  -1.9647394e-02  -3.8478235e-02   3.1978678e-02   4.5466667e-02  -7.3707273e-02  -1.1511102e-02   2.1759520e-02  -2.3631404e-02
   5.5782313e-02  -2.5018030e-02   2.5058643e-02  -8.0469110e-02  -2.3392004e-02  -3.6286006e-02   2.8163119e-02   4.9698928e-02  -7.2667979e-02  -1.7649382e-02   2.6932459e-02  -1.7852198e-02
   5.6001118e-02  -2.5926244e-02   2.3679860e-02  -8.0566854e-02  -2.7136614e-02  -3.4093776e-02   2.4347560e-02   5.3931189e-02  -7.1628684e-02  -2.3787663e-02   3.2105397e-02  -1.2072993e-02
   5.6219923e-02  -2.6834459e-02   2.2301076e-02  -8.0664597e-02  -3.0881223e-02  -3.1901547e-02   2.0532001e-02   5.8163450e-02  -7.0589390e-02  -2.9925943e-02   3.7278336e-02  -6.2937872e-03
   5.6402251e-02  -2.7528479e-02   2.1140524e-02  -8.0605487e-02  -3.3525722e-02  -3.0025625e-02   1.7415704e-02   6.1030110e-02  -6.8640111e-02  -3.4783768e-02   3.9982852e-02  -1.0910335e-03
   5.6584579e-02  -2.8222499e-02   1.9979971e-02  -8.0546376e-02  -3.6170221e-02  -2.8149703e-02   1.4299406e-02   6.3896771e-02  -6.6690831e-02  -3.9641592e-02   4.2687368e-02   4.1117202e-03
   5.6766907e-02  -2.8916519e-02   1.8819418e-02  -8.0487265e-02  -3.8814719e-02  -2.6273782e-02   1.1183109e-02   6.6763432e-02  -6.4741551e-02  -4.4499417e-02   4.5391884e-02   9.3144739e-03
   5.6949235e-02  -2.9610540e-02   1.7658865e-02  -8.0428154e-02  -4.1459218e-02  -2.4397860e-02   8.0668117e-03   6.9630092e-02  -6.2792272e-02  -4.9357241e-02   4.8096400e-02   1.4517228e-02
   5.7131563e-02  -3.0304560e-02   1.6498313e-02  -8.0369044e-02  -4.4103717e-02  -2.2521939e-02   4.9505144e-03   7.2496753e-02  -6.0842992e-02  -5.4215066e-02   5.0800916e-02   1.9719981e-02
   5.7271646e-02  -3.0834376e-02   1.5572181e-02  -8.0290072e-02  -4.5750708e-02  -2.0827768e-02   2.6183290e-03   7.4131927e-02  -5.8625317e-02  -5.7567942e-02   5.1460021e-02   2.3141342e-02
   5.7411728e-02  -3.1364191e-02   1.4646049e-02  -8.0211100e-02  -4.7397699e-02  -1.9133596e-02   2.8614351e-04   7.5767101e-02  -5.6407643e-02  -6.0920818e-02   5.2119127e-02   2.6562703e-02
   5.7551811e-02  -3.1894007e-02   1.3719917e-02  -8.0132128e-02  -4.9044690e-02  -1.7439425e-02  -2.0460419e-03   7.7402276e-02  -5.4189968e-02  -6.4273695e-02   5.2778232e-02   2.9984064e-02
   5.7691893e-02  -3.2423823e-02   1.2793786e-02  -8.0053157e-02  -5.0691681e-02  -1.5745254e-02  -4.3782274e-03   7.9037450e-02  -5.1972294e-02  -6.7626571e-02   5.3437337e-02   3.3405425e-02
   5.7831976e-02  -3.2953639e-02   1.1867654e-02  -7.9974185e-02  -5.2338672e-02  -1.4051082e-02  -6.7104129e-03   8.0672624e-02  -4.9754619e-02  -7.0979447e-02   5.4096442e-02   3.6826785e-02
   5.7953381e-02  -3.3337316e-02   1.1020471e-02  -7.9724185e-02  -5.3176374e-02  -1.2447077e-02  -8.3832180e-03   8.0923830e-02  -4.6543440e-02  -7.1846531e-02   5.2649929e-02   3.7698318e-02
   5.8074786e-02  -3.3720994e-02   1.0173288e-02  -7.9474186e-02  -5.4014076e-02  -1.0843071e-02  -1.0056023e-02   8.1175036e-02  -4.3332261e-02  -7.2713615e-02   5.1203416e-02   3.8569850e-02
   5.8196191e-02  -3.4104671e-02   9.3261046e-03  -7.9224186e-02  -5.4851778e-02  -9.2390654e-03  -1.1728828e-02   8.1426241e-02  -4.0121081e-02  -7.3580699e-02   4.9756903e-02   3.9441382e-02
   5.8317597e-02  -3.4488349e-02   8.4789214e-03  -7.8974187e-02  -5.5689479e-02  -7.6350597e-03  -1.3401634e-02   8.1677447e-02  -3.6909902e-02  -7.4447784e-02   4.8310390e-02   4.0312915e-02
   5.8439002e-02  -3.4872027e-02   7.6317382e-03  -7.8724187e-02  -5.6527181e-02  -6.0310540e-03  -1.5074439e-02   8.1928653e-02  -3.3698722e-02  -7.5314868e-02   4.6863877e-02   4.1184447e-02
   5.8569316e-02  -3.5211552e-02   6.8318815e-03  -7.8249026e-02  -5.6826098e-02  -4.5003859e-03  -1.6140259e-02   8.0733174e-02  -2.9771153e-02  -7.4614006e-02   4.4277987e-02   4.1464570e-02
   5.8699630e-02  -3.5551077e-02   6.0320248e-03  -7.7773866e-02  -5.7125014e-02  -2.9697178e-03  -1.7206078e-02   7.9537695e-02  -2.5843583e-02  -7.3913145e-02   4.1692097e-02   4.1744694e-02
   5.8829945e-02  -3.5890603e-02   5.2321681e-03  -7.7298705e-02  -5.7423931e-02  -1.4390498e-03  -1.8271898e-02   7.8342216e-02  -2.1916013e-02  -7.3212283e-02   3.9106207e-02   4.2024817e-02
   5.8960259e-02  -3.6230128e-02   4.4323114e-03  -7.6823545e-02  -5.7722848e-02   9.1618266e-05  -1.9337718e-02   7.7146737e-02  -1.7988444e-02  -7.2511422e-02   3.6520317e-02   4.2304940e-02
   5.9090574e-02  -3.6569653e-02   3.6324547e-03  -7.6348384e-02  -5.8021764e-02   1.6222863e-03  -2.0403538e-02   7.5951258e-02  -1.4060874e-02  -7.1810560e-02   3.3934427e-02   4.2585063e-02
   5.9218412e-02  -3.6838031e-02   2.9309288e-03  -7.5778006e-02  -5.8031467e-02   3.0120129e-03  -2.1134529e-02   7.3751637e-02  -9.8860969e-03  -6.9391882e-02   3.0345544e-02   4.1583055e-02
   5.9346251e-02  -3.7106409e-02   2.2294029e-03  -7.5207627e-02  -5.8041169e-02   4.4017395e-03  -2.1865520e-02   7.1552016e-02  -5.7113199e-03  -6.6973205e-02   2.6756660e-02   4.0581047e-02
   5.9474090e-02  -3.7374787e-02   1.5278769e-03  -7.4637248e-02  -5.8050871e-02   5.7914660e-03  -2.2596511e-02   6.9352396e-02  -1.5365429e-03  -6.4554527e-02   2.3167777e-02   3.9579039e-02
   5.9601929e-02  -3.7643165e-02   8.2635102e-04  -7.4066870e-02  -5.8060573e-02   7.1811926e-03  -2.3327502e-02   6.7152775e-02   2.6382341e-03  -6.2135849e-02   1.9578893e-02   3.8577031e-02
   5.9729768e-02  -3.7911543e-02   1.2482509e-04  -7.3496491e-02  -5.8070275e-02   8.5709192e-03  -2.4058493e-02   6.4953154e-02   6.8130111e-03  -5.9717172e-02   1.5990010e-02   3.7575023e-02
   5.9835561e-02  -3.8041170e-02  -5.6034724e-04  -7.2725131e-02  -5.7745038e-02   1.0020640e-02  -2.4534156e-02   6.1695568e-02   1.1339379e-02  -5.5149885e-02   1.1949720e-02   3.5012151e-02
   5.9941354e-02  -3.8170796e-02  -1.2455196e-03  -7.1953772e-02  -5.7419800e-02   1.1470362e-02  -2.5009818e-02   5.8437981e-02   1.5865748e-02  -5.0582598e-02   7.9094294e-03   3.2449280e-02
   6.0047147e-02  -3.8300423e-02  -1.9306919e-03  -7.1182412e-02  -5.7094563e-02   1.2920083e-02  -2.5485481e-02   5.5180394e-02   2.0392116e-02  -4.6015312e-02   3.8691392e-03   2.9886408e-02
   6.0152940e-02  -3.8430049e-02  -2.6158643e-03  -7.0411052e-02  -5.6769325e-02   1.4369804e-02  -2.5961144e-02   5.1922808e-02   2.4918484e-02  -4.1448025e-02  -1.7115107e-04   2.7323536e-02
   6.0258733e-02  -3.8559676e-02  -3.3010366e-03  -6.9639692e-02  -5.6444088e-02   1.5819525e-02  -2.6436806e-02   4.8665221e-02   2.9444852e-02  -3.6880739e-02  -4.2114413e-03   2.4760665e-02
   6.0351722e-02  -3.8640681e-02  -3.8952288e-03  -6.8668469e-02  -5.6110319e-02   1.7260675e-02  -2.6766683e-02   4.4934812e-02   3.3690289e-02  -3.2312111e-02  -8.8186866e-03   2.2720270e-02
   6.0444711e-02  -3.8721687e-02  -4.4894210e-03  -6.7697245e-02  -5.5776549e-02   1.8701825e-02  -2.7096560e-02   4.1204404e-02   3.7935726e-02  -2.7743483e-02  -1.3425932e-02   2.0679874e-02
   6.0537700e-02  -3.8802692e-02  -5.0836132e-03  -6.6726021e-02  -5.5442780e-02   2.0142975e-02  -2.7426437e-02   3.7473995e-02   4.2181163e-02  -2.3174856e-02  -1.8033177e-02   1.8639479e-02
   6.0630690e-02  -3.8883697e-02  -5.6778054e-03  -6.5754797e-02  -5.5109011e-02   2.1584125e-02  -2.7756314e-02   3.3743586e-02   4.6426601e-02  -1.8606228e-02  -2.2640423e-02   1.6599084e-02
   6.0723679e-02  -3.8964703e-02  -6.2719977e-03  -6.4783573e-02  -5.4775242e-02   2.3025274e-02  -2.8086191e-02   3.0013177e-02   5.0672038e-02  -1.4037601e-02  -2.7247668e-02   1.4558689e-02
   6.0816772e-02  -3.9019467e-02  -6.8012266e-03  -6.3614477e-02  -5.4311604e-02   2.4511000e-02  -2.8043612e-02   2.6059588e-02   5.4439450e-02  -9.3129394e-03  -3.1394111e-02   1.1742677e-02
   6.0909866e-02  -3.9074232e-02  -7.3304556e-03  -6.2445380e-02  -5.3847966e-02   2.5996726e-02  -2.8001033e-02   2.2105999e-02   5.8206861e-02  -4.5882782e-03  -3.5540555e-02   8.9266655e-03
   6.1002959e-02  -3.9128996e-02  -7.8596846e-03  -6.1276284e-02  -5.3384328e-02   2.7482452e-02  -2.7958454e-02   1.8152411e-02   6.1974273e-02   1.3638310e-04  -3.9686998e-02   6.1106538e-03
   6.1096053e-02  -3.9183761e-02  -8.3889136e-03  -6.0107187e-02  -5.2920690e-02   2.8968178e-02  -2.7915874e-02   1.4198822e-02   6.5741685e-02   4.8610444e-03  -4.3833442e-02   3.2946421e-03
   6.1189146e-02  -3.9238525e-02  -8.9181426e-03  -5.8938091e-02  -5.2457052e-02   3.0453904e-02  -2.7873295e-02   1.0245233e-02   6.9509097e-02   9.5857056e-03  -4.7979885e-02   4.7863046e-04
   6.1275072e-02  -3.9299049e-02  -9.3369644e-03  -5.7647758e-02  -5.2049698e-02   3.1510081e-02  -2.7595111e-02   6.5181329e-03   7.2633838e-02   1.3908331e-02  -5.1225828e-02  -1.6951933e-03
   6.1360997e-02  -3.9359572e-02  -9.7557863e-03  -5.6357426e-02  -5.1642344e-02   3.2566258e-02  -2.7316928e-02   2.7910332e-03   7.5758579e-02   1.8230957e-02  -5.4471771e-02  -3.8690171e-03
   6.1446922e-02  -3.9420096e-02  -1.0174608e-02  -5.5067093e-02  -5.1234990e-02   3.3622436e-02  -2.7038744e-02  -9.3606658e-04   7.8883320e-02   2.2553583e-02  -5.7717715e-02  -6.0428409e-03
   6.1532848e-02  -3.9480620e-02  -1.0593430e-02  -5.3776761e-02  -5.0827636e-02   3.4678613e-02  -2.6760560e-02  -4.6631663e-03   8.2008061e-02   2.6876209e-02  -6.0963658e-02  -8.2166647e-03
   6.1618773e-02  -3.9541144e-02  -1.1012252e-02  -5.2486428e-02  -5.0420281e-02   3.5734790e-02  -2.6482376e-02  -8.3902661e-03   8.5132802e-02   3.1198835e-02  -6.4209601e-02  -1.0390489e-02
   6.1720631e-02  -3.9643561e-02  -1.1336798e-02  -5.0972984e-02  -4.9983730e-02   3.6676898e-02  -2.5919591e-02  -1.1691617e-02   8.6787073e-02   3.4331088e-02  -6.5087802e-02  -1.3082844e-02
   6.1822490e-02  -3.9745979e-02  -1.1661344e-02  -4.9459539e-02  -4.9547180e-02   3.7619006e-02  -2.5356806e-02  -1.4992968e-02   8.8441345e-02   3.7463341e-02  -6.5966003e-02  -1.5775199e-02
   6.1924348e-02  -3.9848396e-02  -1.1985890e-02  -4.7946094e-02  -4.9110629e-02   3.8561114e-02  -2.4794021e-02  -1.8294319e-02   9.0095616e-02   4.0595594e-02  -6.6844204e-02  -1.8467554e-02
   6.2026206e-02  -3.9950814e-02  -1.2310436e-02  -4.6432649e-02  -4.8674078e-02   3.9503222e-02  -2.4231236e-02  -2.1595669e-02   9.1749888e-02   4.3727847e-02  -6.7722405e-02  -2.1159910e-02
   6.2128064e-02  -4.0053231e-02  -1.2634982e-02  -4.4919204e-02  -4.8237527e-02   4.0445330e-02  -2.3668450e-02  -2.4897020e-02   9.3404160e-02   4.6860100e-02  -6.8600606e-02  -2.3852265e-02
   6.2241035e-02  -4.0218060e-02  -1.2906571e-02  -4.3190853e-02  -4.7669501e-02   4.1113230e-02  -2.3056891e-02  -2.7902519e-02   9.3722118e-02   4.8889613e-02  -6.8013803e-02  -2.4726816e-02
   6.2354006e-02  -4.0382889e-02  -1.3178160e-02  -4.1462502e-02  -4.7101475e-02   4.1781131e-02  -2.2445332e-02  -3.0908018e-02   9.4040075e-02   5.0919126e-02  -6.7427001e-02  -2.5601367e-02
   6.2466977e-02  -4.0547717e-02  -1.3449750e-02  -3.9734151e-02  -4.6533449e-02   4.2449031e-02  -2.1833773e-02  -3.3913518e-02   9.4358033e-02   5.2948639e-02  -6.6840199e-02  -2.6475918e-02
   6.2579948e-02  -4.0712546e-02  -1.3721339e-02  -3.8005800e-02  -4.5965423e-02   4.3116931e-02  -2.1222214e-02  -3.6919017e-02   9.4675991e-02   5.4978152e-02  -6.6253396e-02  -2.7350469e-02
   6.2692918e-02  -4.0877375e-02  -1.3992928e-02  -3.6277449e-02  -4.5397397e-02   4.3784832e-02  -2.0610655e-02  -3.9924516e-02   9.4993949e-02   5.7007664e-02  -6.5666594e-02  -2.8225020e-02
   6.2787434e-02  -4.1003794e-02  -1.4220118e-02  -3.4336541e-02  -4.4486864e-02   4.4025910e-02  -1.9815740e-02  -4.2455404e-02   9.3347783e-02   5.8171380e-02  -6.2809040e-02  -2.8280630e-02
   6.2881950e-02  -4.1130213e-02  -1.4447307e-02  -3.2395633e-02  -4.3576332e-02   4.4266988e-02  -1.9020825e-02  -4.4986293e-02   9.1701618e-02   5.9335096e-02  -5.9951485e-02  -2.8336240e-02
   6.2976466e-02  -4.1256632e-02  -1.4674496e-02  -3.0454726e-02  -4.2665799e-02   4.4508066e-02  -1.8225910e-02  -4.7517181e-02   9.0055452e-02   6.0498812e-02  -5.7093931e-02  -2.8391850e-02
   6.3070981e-02  -4.1383051e-02  -1.4901685e-02  -2.8513818e-02  -4.1755267e-02   4.4749144e-02  -1.7430995e-02  -5.0048069e-02   8.8409286e-02   6.1662528e-02  -5.4236377e-02  -2.8447460e-02
   6.3165497e-02  -4.1509470e-02  -1.5128874e-02  -2.6572910e-02  -4.0844734e-02   4.4990223e-02  -1.6636080e-02  -5.2578958e-02   8.6763121e-02   6.2826244e-02  -5.1378823e-02  -2.8503069e-02
   6.3254904e-02  -4.1647786e-02  -1.5323575e-02  -2.4671147e-02  -3.9979514e-02   4.4810873e-02  -1.5801487e-02  -5.3848397e-02   8.3447759e-02   6.2941442e-02  -4.7187855e-02  -2.7350263e-02
   6.3344311e-02  -4.1786101e-02  -1.5518277e-02  -2.2769385e-02  -3.9114293e-02   4.4631523e-02  -1.4966893e-02  -5.5117837e-02   8.0132397e-02   6.3056639e-02  -4.2996888e-02  -2.6197457e-02
   6.3433718e-02  -4.1924416e-02  -1.5712978e-02  -2.0867622e-02  -3.8249072e-02   4.4452174e-02  -1.4132299e-02  -5.6387277e-02   7.6817035e-02   6.3171836e-02  -3.8805920e-02  -2.5044651e-02
   6.3523125e-02  -4.2062731e-02  -1.5907679e-02  -1.8965860e-02  -3.7383851e-02   4.4272824e-02  -1.3297706e-02  -5.7656717e-02   7.3501673e-02   6.3287033e-02  -3.4614952e-02  -2.3891845e-02
   6.3612531e-02  -4.2201046e-02  -1.6102381e-02  -1.7064097e-02  -3.6518630e-02   4.4093474e-02  -1.2463112e-02  -5.8926157e-02   7.0186311e-02   6.3402230e-02  -3.0423985e-02  -2.2739039e-02
   6.3709809e-02  -4.2357701e-02  -1.6288497e-02  -1.4759781e-02  -3.5293415e-02   4.3851037e-02  -1.1766696e-02  -5.9991671e-02   6.5427246e-02   6.3699375e-02  -2.4288573e-02  -2.1765878e-02
   6.3807086e-02  -4.2514355e-02  -1.6474614e-02  -1.2455464e-02  -3.4068199e-02   4.3608600e-02  -1.1070280e-02  -6.1057185e-02   6.0668181e-02   6.3996520e-02  -1.8153161e-02  -2.0792717e-02
   6.3904363e-02  -4.2671010e-02  -1.6660731e-02  -1.0151148e-02  -3.2842984e-02   4.3366163e-02  -1.0373863e-02  -6.2122700e-02   5.5909115e-02   6.4293666e-02  -1.2017750e-02  -1.9819556e-02
   6.4001640e-02  -4.2827664e-02  -1.6846847e-02  -7.8468310e-03  -3.1617769e-02   4.3123726e-02  -9.6774471e-03  -6.3188214e-02   5.1150050e-02   6.4590811e-02  -5.8823379e-03  -1.8846395e-02
   6.4098918e-02  -4.2984319e-02  -1.7032964e-02  -5.5425144e-03  -3.0392553e-02   4.2881289e-02  -8.9810308e-03  -6.4253728e-02   4.6390985e-02   6.4887956e-02   2.5307375e-04  -1.7873234e-02
   6.4190265e-02  -4.3147248e-02  -1.7218999e-02  -3.3119463e-03  -2.8961484e-02   4.2307011e-02  -8.3428525e-03  -6.4987057e-02   4.1051041e-02   6.4546065e-02   6.7228123e-03  -1.5601221e-02
   6.4281612e-02  -4.3310176e-02  -1.7405033e-02  -1.0813782e-03  -2.7530415e-02   4.1732733e-02  -7.7046743e-03  -6.5720386e-02   3.5711098e-02   6.4204175e-02   1.3192551e-02  -1.3329207e-02
   6.4372959e-02  -4.3473105e-02  -1.7591067e-02   1.1491900e-03  -2.6099346e-02   4.1158456e-02  -7.0664960e-03  -6.6453715e-02   3.0371155e-02   6.3862284e-02   1.9662289e-02  -1.1057194e-02
   6.4464306e-02  -4.3636034e-02  -1.7777102e-02   3.3797581e-03  -2.4668277e-02   4.0584178e-02  -6.4283178e-03  -6.7187043e-02   2.5031211e-02   6.3520393e-02   2.6132028e-02  -8.7851806e-03
   6.4555653e-02  -4.3798963e-02  -1.7963136e-02   5.6103262e-03  -2.3237208e-02   4.0009901e-02  -5.7901395e-03  -6.7920372e-02   1.9691268e-02   6.3178503e-02   3.2601766e-02  -6.5131672e-03
   6.4624794e-02  -4.3946824e-02  -1.8229851e-02   7.7887952e-03  -2.1564225e-02   3.9305315e-02  -5.2009867e-03  -6.8544031e-02   1.4439043e-02   6.1970327e-02   3.8835042e-02  -3.4942308e-03
   6.4693936e-02  -4.4094686e-02  -1.8496567e-02   9.9672641e-03  -1.9891241e-02   3.8600728e-02  -4.6118339e-03  -6.9167690e-02   9.1868191e-03   6.0762152e-02   4.5068318e-02  -4.7529441e-04
   6.4763077e-02  -4.4242547e-02  -1.8763282e-02   1.2145733e-02  -1.8218258e-02   3.7896142e-02  -4.0226811e-03  -6.9791348e-02   3.9345947e-03   5.9553977e-02   5.1301594e-02   2.5436420e-03
   6.4832219e-02  -4.4390409e-02  -1.9029998e-02   1.4324202e-02  -1.6545275e-02   3.7191556e-02  -3.4335283e-03  -7.0415007e-02  -1.3176297e-03   5.8345801e-02   5.7534870e-02   5.5625783e-03
   6.4901361e-02  -4.4538270e-02  -1.9296713e-02   1.6502671e-02  -1.4872292e-02   3.6486970e-02  -2.8443755e-03  -7.1038666e-02  -6.5698540e-03   5.7137626e-02   6.3768146e-02   8.5815147e-03
   6.4956522e-02  -4.4691426e-02  -1.9563537e-02   1.8233807e-02  -1.3284268e-02   3.5564719e-02  -1.9531586e-03  -7.2013025e-02  -1.1354254e-02   5.5450549e-02   6.7855327e-02   1.2951595e-02
   6.5011683e-02  -4.4844581e-02  -1.9830360e-02   1.9964942e-02  -1.1696245e-02   3.4642469e-02  -1.0619418e-03  -7.2987384e-02  -1.6138654e-02   5.3763471e-02   7.1942508e-02   1.7321675e-02
   6.5066844e-02  -4.4997736e-02  -2.0097184e-02   2.1696078e-02  -1.0108221e-02   3.3720218e-02  -1.7072488e-04  -7.3961743e-02  -2.0923054e-02   5.2076394e-02   7.6029689e-02   2.1691756e-02
   6.5122006e-02  -4.5150892e-02  -2.0364008e-02   2.3427213e-02  -8.5201975e-03   3.2797968e-02   7.2049200e-04  -7.4936102e-02  -2.5707454e-02   5.0389317e-02   8.0116870e-02   2.6061836e-02
   6.5177167e-02  -4.5304047e-02  -2.0630832e-02   2.5158349e-02  -6.9321740e-03   3.1875718e-02   1.6117089e-03  -7.5910461e-02  -3.0491854e-02   4.8702239e-02   8.4204051e-02   3.0431916e-02
   6.5207834e-02  -4.5368175e-02  -2.0910829e-02   2.6487286e-02  -5.5665580e-03   3.1030098e-02   2.0388291e-03  -7.5533239e-02  -3.3659696e-02   4.5880103e-02   8.5709258e-02   3.0319411e-02
   6.5238501e-02  -4.5432302e-02  -2.1190827e-02   2.7816223e-02  -4.2009421e-03   3.0184479e-02   2.4659493e-03  -7.5156018e-02  -3.6827539e-02   4.3057967e-02   8.7214466e-02   3.0206905e-02
   6.5269168e-02  -4.5496430e-02  -2.1470825e-02   2.9145160e-02  -2.8353262e-03   2.9338860e-02   2.8930695e-03  -7.4778796e-02  -3.9995381e-02   4.0235831e-02   8.8719674e-02   3.0094400e-02
   6.5299835e-02  -4.5560558e-02  -2.1750823e-02   3.0474097e-02  -1.4697102e-03   2.8493241e-02   3.3201897e-03  -7.4401575e-02  -4.3163223e-02   3.7413694e-02   9.0224882e-02   2.9981894e-02
   6.5330502e-02  -4.5624686e-02  -2.2030821e-02   3.1803034e-02  -1.0409431e-04   2.7647622e-02   3.7473099e-03  -7.4024353e-02  -4.6331065e-02   3.4591558e-02   9.1730090e-02   2.9869389e-02
   6.5355998e-02  -4.5694774e-02  -2.2349603e-02   3.3082403e-02   1.4622570e-03   2.6653535e-02   4.0220432e-03  -7.3624225e-02  -4.9067674e-02   3.1273990e-02   9.1454795e-02   2.9512108e-02
   6.5381495e-02  -4.5764862e-02  -2.2668385e-02   3.4361772e-02   3.0286083e-03   2.5659448e-02   4.2967765e-03  -7.3224096e-02  -5.1804282e-02   2.7956421e-02   9.1179500e-02   2.9154826e-02
   6.5406992e-02  -4.5834950e-02  -2.2987168e-02   3.5641141e-02   4.5949596e-03   2.4665361e-02   4.5715098e-03  -7.2823968e-02  -5.4540890e-02   2.4638852e-02   9.0904206e-02   2.8797545e-02
   6.5432488e-02  -4.5905038e-02  -2.3305950e-02   3.6920510e-02   6.1613110e-03   2.3671274e-02   4.8462432e-03  -7.2423839e-02  -5.7277498e-02   2.1321283e-02   9.0628911e-02   2.8440264e-02
   6.5457985e-02  -4.5975126e-02  -2.3624732e-02   3.8199879e-02   7.7276623e-03   2.2677187e-02   5.1209765e-03  -7.2023711e-02  -6.0014106e-02   1.8003715e-02   9.0353617e-02   2.8082982e-02
   6.5517869e-02  -4.6101326e-02  -2.3943000e-02   3.9609980e-02   9.0484209e-03   2.1394839e-02   5.7169516e-03  -7.1280968e-02  -6.0868026e-02   1.4182805e-02   8.8687756e-02   2.7626322e-02
   6.5577753e-02  -4.6227526e-02  -2.4261267e-02   4.1020082e-02   1.0369180e-02   2.0112491e-02   6.3129268e-03  -7.0538226e-02  -6.1721946e-02   1.0361895e-02   8.7021895e-02   2.7169662e-02
   6.5637637e-02  -4.6353726e-02  -2.4579535e-02   4.2430183e-02   1.1689938e-02   1.8830142e-02   6.9089019e-03  -6.9795483e-02  -6.2575865e-02   6.5409852e-03   8.5356034e-02   2.6713003e-02
   6.5697521e-02  -4.6479926e-02  -2.4897803e-02   4.3840284e-02   1.3010697e-02   1.7547794e-02   7.5048771e-03  -6.9052741e-02  -6.3429785e-02   2.7200754e-03   8.3690173e-02   2.6256343e-02
   6.5757405e-02  -4.6606126e-02  -2.5216070e-02   4.5250385e-02   1.4331455e-02   1.6265445e-02   8.1008523e-03  -6.8309999e-02  -6.4283705e-02  -1.1008344e-03   8.2024312e-02   2.5799683e-02
   6.5810125e-02  -4.6665572e-02  -2.5524214e-02   4.6444301e-02   1.5422267e-02   1.5375033e-02   8.2613995e-03  -6.7259289e-02  -6.4328212e-02  -4.3388177e-03   7.8858014e-02   2.5353881e-02
   6.5862845e-02  -4.6725018e-02  -2.5832358e-02   4.7638216e-02   1.6513079e-02   1.4484620e-02   8.4219468e-03  -6.6208580e-02  -6.4372718e-02  -7.5768009e-03   7.5691716e-02   2.4908078e-02
   6.5915564e-02  -4.6784464e-02  -2.6140502e-02   4.8832131e-02   1.7603891e-02   1.3594208e-02   8.5824940e-03  -6.5157870e-02  -6.4417225e-02  -1.0814784e-02   7.2525418e-02   2.4462276e-02
   6.5968284e-02  -4.6843910e-02  -2.6448646e-02   5.0026046e-02   1.8694703e-02   1.2703795e-02   8.7430413e-03  -6.4107161e-02  -6.4461732e-02  -1.4052767e-02   6.9359120e-02   2.4016474e-02
   6.6021004e-02  -4.6903356e-02  -2.6756791e-02   5.1219961e-02   1.9785514e-02   1.1813382e-02   8.9035885e-03  -6.3056451e-02  -6.4506239e-02  -1.7290751e-02   6.6192822e-02   2.3570672e-02
   6.6070600e-02  -4.6857259e-02  -2.7008513e-02   5.2599174e-02   2.0626768e-02   1.0480370e-02   9.0688016e-03  -6.0581221e-02  -6.3536334e-02  -2.0085724e-02   6.2349518e-02   2.1195246e-02
   6.6120196e-02  -4.6811162e-02  -2.7260236e-02   5.3978387e-02   2.1468021e-02   9.1473585e-03   9.2340147e-03  -5.8105992e-02  -6.2566428e-02  -2.2880697e-02   5.8506214e-02   1.8819820e-02
   6.6169792e-02  -4.6765065e-02  -2.7511959e-02   5.5357600e-02   2.2309274e-02   7.8143465e-03   9.3992277e-03  -5.5630762e-02  -6.1596523e-02  -2.5675671e-02   5.4662910e-02   1.6444394e-02
   6.6219388e-02  -4.6718968e-02  -2.7763682e-02   5.6736813e-02   2.3150528e-02   6.4813345e-03   9.5644408e-03  -5.3155532e-02  -6.0626618e-02  -2.8470644e-02   5.0819607e-02   1.4068968e-02
   6.6268985e-02  -4.6672871e-02  -2.8015405e-02   5.8116027e-02   2.3991781e-02   5.1483225e-03   9.7296539e-03  -5.0680302e-02  -5.9656713e-02  -3.1265617e-02   4.6976303e-02   1.1693542e-02
   6.6311328e-02  -4.6527432e-02  -2.8260372e-02   5.9555142e-02   2.4803778e-02   3.7950349e-03   9.7516535e-03  -4.7720758e-02  -5.7581869e-02  -3.2993346e-02   4.2759492e-02   7.8759732e-03
   6.6353671e-02  -4.6381993e-02  -2.8505340e-02   6.0994258e-02   2.5615776e-02   2.4417473e-03   9.7736532e-03  -4.4761214e-02  -5.5507026e-02  -3.4721075e-02   3.8542682e-02   4.0584048e-03
   6.6396014e-02  -4.6236553e-02  -2.8750308e-02   6.2433374e-02   2.6427773e-02   1.0884598e-03   9.7956529e-03  -4.1801670e-02  -5.3432183e-02  -3.6448804e-02   3.4325871e-02   2.4083645e-04
   6.6438358e-02  -4.6091114e-02  -2.8995275e-02   6.3872490e-02   2.7239771e-02  -2.6482778e-04   9.8176525e-03  -3.8842126e-02  -5.1357340e-02  -3.8176532e-02   3.0109061e-02  -3.5767319e-03
   6.6480701e-02  -4.5945674e-02  -2.9240243e-02   6.5311606e-02   2.8051768e-02  -1.6181153e-03   9.8396522e-03  -3.5882582e-02  -4.9282497e-02  -3.9904261e-02   2.5892250e-02  -7.3943003e-03
   6.6470977e-02  -4.5628724e-02  -2.9457274e-02   6.6375222e-02   2.8214172e-02  -3.3604441e-03   8.8574782e-03  -3.1710120e-02  -4.6430071e-02  -4.1391866e-02   2.0830935e-02  -8.4356837e-03
   6.6461253e-02  -4.5311773e-02  -2.9674306e-02   6.7438838e-02   2.8376575e-02  -5.1027729e-03   7.8753043e-03  -2.7537658e-02  -4.3577645e-02  -4.2879470e-02   1.5769619e-02  -9.4770671e-03
   6.6451529e-02  -4.4994823e-02  -2.9891337e-02   6.8502454e-02   2.8538979e-02  -6.8451016e-03   6.8931304e-03  -2.3365197e-02  -4.0725219e-02  -4.4367075e-02   1.0708304e-02  -1.0518451e-02
   6.6441805e-02  -4.4677873e-02  -3.0108368e-02   6.9566071e-02   2.8701382e-02  -8.5874304e-03   5.9109564e-03  -1.9192735e-02  -3.7872794e-02  -4.5854679e-02   5.6469882e-03  -1.1559834e-02
   6.6432081e-02  -4.4360922e-02  -3.0325399e-02   7.0629687e-02   2.8863786e-02  -1.0329759e-02   4.9287825e-03  -1.5020273e-02  -3.5020368e-02  -4.7342284e-02   5.8567269e-04  -1.2601217e-02
   6.6470792e-02  -4.4129311e-02  -3.0587054e-02   7.2084532e-02   2.9515062e-02  -1.2563260e-02   4.5669340e-03  -1.0663308e-02  -3.2061268e-02  -4.7616453e-02  -3.6564747e-03  -1.4220274e-02
   6.6509503e-02  -4.3897701e-02  -3.0848709e-02   7.3539377e-02   3.0166338e-02  -1.4796762e-02   4.2050855e-03  -6.3063423e-03  -2.9102167e-02  -4.7890622e-02  -7.8986221e-03  -1.5839331e-02
   6.6548215e-02  -4.3666090e-02  -3.1110364e-02   7.4994222e-02   3.0817613e-02  -1.7030263e-02   3.8432369e-03  -1.9493769e-03  -2.6143067e-02  -4.8164792e-02  -1.2140770e-02  -1.7458388e-02
   6.6586926e-02  -4.3434480e-02  -3.1372018e-02   7.6449067e-02   3.1468889e-02  -1.9263764e-02   3.4813884e-03   2.4075885e-03  -2.3183967e-02  -4.8438961e-02  -1.6382917e-02  -1.9077444e-02
   6.6625637e-02  -4.3202869e-02  -3.1633673e-02   7.7903913e-02   3.2120165e-02  -2.1497266e-02   3.1195399e-03   6.7645538e-03  -2.0224867e-02  -4.8713130e-02  -2.0625064e-02  -2.0696501e-02
   6.6710392e-02  -4.3039300e-02  -3.1983613e-02   7.9242642e-02   3.2475760e-02  -2.4211630e-02   2.7707343e-03   1.1563461e-02  -1.6067188e-02  -4.7949280e-02  -2.4420633e-02  -2.0794763e-02
   6.6795146e-02  -4.2875731e-02  -3.2333553e-02   8.0581371e-02   3.2831355e-02  -2.6925994e-02   2.4219288e-03   1.6362367e-02  -1.1909509e-02  -4.7185430e-02  -2.8216201e-02  -2.0893025e-02
   6.6879900e-02  -4.2712162e-02  -3.2683493e-02   8.1920100e-02   3.3186950e-02  -2.9640358e-02   2.0731232e-03   2.1161274e-02  -7.7518308e-03  -4.6421580e-02  -3.2011770e-02  -2.0991287e-02
   6.6964654e-02  -4.2548593e-02  -3.3033433e-02   8.3258830e-02   3.3542545e-02  -3.2354722e-02   1.7243177e-03   2.5960181e-02  -3.5941521e-03  -4.5657730e-02  -3.5807338e-02  -2.1089549e-02
   6.7049409e-02  -4.2385025e-02  -3.3383372e-02   8.4597559e-02   3.3898141e-02  -3.5069086e-02   1.3755121e-03   3.0759087e-02   5.6352662e-04  -4.4893880e-02  -3.9602907e-02  -2.1187811e-02
   6.7153575e-02  -4.2247302e-02  -3.3772104e-02   8.5978601e-02   3.4395232e-02  -3.8033483e-02   8.8252442e-04   3.5306435e-02   4.8162739e-03  -4.2309673e-02  -4.2842441e-02  -2.1517342e-02
   6.7257742e-02  -4.2109579e-02  -3.4160836e-02   8.7359642e-02   3.4892324e-02  -4.0997881e-02   3.8953675e-04   3.9853783e-02   9.0690213e-03  -3.9725466e-02  -4.6081976e-02  -2.1846873e-02
   6.7361909e-02  -4.1971856e-02  -3.4549567e-02   8.8740684e-02   3.5389416e-02  -4.3962279e-02  -1.0345093e-04   4.4401131e-02   1.3321769e-02  -3.7141258e-02  -4.9321511e-02  -2.2176404e-02
   6.7466076e-02  -4.1834133e-02  -3.4938299e-02   9.0121726e-02   3.5886508e-02  -4.6926676e-02  -5.9643860e-04   4.8948479e-02   1.7574516e-02  -3.4557051e-02  -5.2561046e-02  -2.2505935e-02
   6.7570242e-02  -4.1696411e-02  -3.5327030e-02   9.1502767e-02   3.6383599e-02  -4.9891074e-02  -1.0894263e-03   5.3495827e-02   2.1827263e-02  -3.1972843e-02  -5.5800580e-02  -2.2835466e-02
   6.7579110e-02  -4.1473310e-02  -3.5603948e-02   9.2012899e-02   3.6673874e-02  -5.1891239e-02  -2.0067120e-03   5.7289686e-02   2.4477736e-02  -2.9887462e-02  -5.7341457e-02  -2.1289174e-02
   6.7587978e-02  -4.1250209e-02  -3.5880866e-02   9.2523030e-02   3.6964149e-02  -5.3891404e-02  -2.9239978e-03   6.1083546e-02   2.7128209e-02  -2.7802081e-02  -5.8882334e-02  -1.9742882e-02
   6.7596845e-02  -4.1027108e-02  -3.6157784e-02   9.3033162e-02   3.7254424e-02  -5.5891569e-02  -3.8412835e-03   6.4877405e-02   2.9778682e-02  -2.5716699e-02  -6.0423210e-02  -1.8196590e-02
   6.7605713e-02  -4.0804006e-02  -3.6434702e-02   9.3543293e-02   3.7544699e-02  -5.7891733e-02  -4.7585693e-03   6.8671265e-02   3.2429155e-02  -2.3631318e-02  -6.1964087e-02  -1.6650298e-02
   6.7614581e-02  -4.0580905e-02  -3.6711620e-02   9.4053424e-02   3.7834974e-02  -5.9891898e-02  -5.6758550e-03   7.2465125e-02   3.5079628e-02  -2.1545937e-02  -6.3504963e-02  -1.5104006e-02
   6.7312481e-02  -3.9678027e-02  -3.6805310e-02   9.3091018e-02   3.8244241e-02  -6.0914470e-02  -7.9546660e-03   7.5857671e-02   3.4407360e-02  -1.9489387e-02  -6.4441493e-02  -1.3839474e-02
   6.7010380e-02  -3.8775148e-02  -3.6899000e-02   9.2128611e-02   3.8653509e-02  -6.1937041e-02  -1.0233477e-02   7.9250218e-02   3.3735092e-02  -1.7432837e-02  -6.5378024e-02  -1.2574943e-02
   6.6708280e-02  -3.7872269e-02  -3.6992690e-02   9.1166205e-02   3.9062777e-02  -6.2959613e-02  -1.2512288e-02   8.2642764e-02   3.3062824e-02  -1.5376288e-02  -6.6314554e-02  -1.1310412e-02
   6.6406180e-02  -3.6969390e-02  -3.7086379e-02   9.0203798e-02   3.9472044e-02  -6.3982184e-02  -1.4791099e-02   8.6035311e-02   3.2390556e-02  -1.3319738e-02  -6.7251084e-02  -1.0045881e-02
   6.6104080e-02  -3.6066511e-02  -3.7180069e-02   8.9241391e-02   3.9881312e-02  -6.5004756e-02  -1.7069910e-02   8.9427857e-02   3.1718288e-02  -1.1263188e-02  -6.8187615e-02  -8.7813496e-03
   6.5865845e-02  -3.5261049e-02  -3.7457975e-02   8.8345780e-02   4.0596133e-02  -6.6065887e-02  -1.9218852e-02   9.2552484e-02   3.2065386e-02  -8.1236861e-03  -6.7578637e-02  -7.2910488e-03
   6.5627611e-02  -3.4455586e-02  -3.7735880e-02   8.7450169e-02   4.1310954e-02  -6.7127018e-02  -2.1367795e-02   9.5677111e-02   3.2412484e-02  -4.9841842e-03  -6.6969659e-02  -5.8007481e-03
   6.5389376e-02  -3.3650123e-02  -3.8013785e-02   8.6554558e-02   4.2025775e-02  -6.8188148e-02  -2.3516737e-02   9.8801738e-02   3.2759582e-02  -1.8446823e-03  -6.6360681e-02  -4.3104474e-03
   6.5151142e-02  -3.2844660e-02  -3.8291690e-02   8.5658947e-02   4.2740596e-02  -6.9249279e-02  -2.5665680e-02   1.0192637e-01   3.3106679e-02   1.2948196e-03  -6.5751703e-02  -2.8201467e-03
   6.4912907e-02  -3.2039197e-02  -3.8569596e-02   8.4763336e-02   4.3455417e-02  -7.0310410e-02  -2.7814622e-02   1.0505099e-01   3.3453777e-02   4.4343215e-03  -6.5142725e-02  -1.3298460e-03
   6.4756311e-02  -3.1418213e-02  -3.8973561e-02   8.4411982e-02   4.4362119e-02  -7.1258512e-02  -2.9493520e-02   1.0815323e-01   3.3967695e-02   8.2420563e-03  -6.5272568e-02  -1.3582376e-03
   6.4599715e-02  -3.0797228e-02  -3.9377526e-02   8.4060628e-02   4.5268821e-02  -7.2206614e-02  -3.1172418e-02   1.1125547e-01   3.4481613e-02   1.2049791e-02  -6.5402411e-02  -1.3866292e-03
   6.4443120e-02  -3.0176244e-02  -3.9781491e-02   8.3709274e-02   4.6175523e-02  -7.3154716e-02  -3.2851316e-02   1.1435771e-01   3.4995530e-02   1.5857526e-02  -6.5532255e-02  -1.4150208e-03
   6.4286524e-02  -2.9555259e-02  -4.0185456e-02   8.3357920e-02   4.7082225e-02  -7.4102818e-02  -3.4530214e-02   1.1745994e-01   3.5509448e-02   1.9665261e-02  -6.5662098e-02  -1.4434124e-03
   6.4129928e-02  -2.8934275e-02  -4.0589421e-02   8.3006567e-02   4.7988927e-02  -7.5050920e-02  -3.6209112e-02   1.2056218e-01   3.6023366e-02   2.3472996e-02  -6.5791942e-02  -1.4718040e-03
