2.183207351146509816e-03
2.299552220648099898e-03
2.333914585445039970e-03
2.436412496597540212e-03
2.484615674416440143e-03
2.622544469120110036e-03
2.779686629086580100e-03
2.812066869829730163e-03
2.956811088372630122e-03
3.139348044525840185e-03
3.230102235538510023e-03
3.472765840468930183e-03
3.639854212390580043e-03
3.832467200534519971e-03
4.027796423268650318e-03
4.362652225759469996e-03
4.702780718925319604e-03
5.079119015855700428e-03
5.440218437842710142e-03
5.911764751621080387e-03
6.309733063706980324e-03
6.887631945078329793e-03
7.546718791567870281e-03
8.368758716933100139e-03
9.248733713788849509e-03
1.037657535920930019e-02
1.157007086304719969e-02
1.309055602262550015e-02
1.474488973575049933e-02
1.675190748550009837e-02
1.895067941392779981e-02
2.174466673134960171e-02
2.480218769673609922e-02
2.845137896553030094e-02
3.267398533139090344e-02
3.768653662747430133e-02
4.346849824318550076e-02
5.005058682800309772e-02
5.778112029165610036e-02
6.675284723986489588e-02
7.693688540329809977e-02
8.871312815062959434e-02
1.022987672179569985e-01
1.176343547590980032e-01
1.349047468230279989e-01
1.547275372635320001e-01
1.769706325300660077e-01
2.018471072456120008e-01
2.297151348882779942e-01
2.611374247551360162e-01
2.962512884195970253e-01
3.355387293657369763e-01
3.795723836423859909e-01
4.283239696859360013e-01
4.817318439760320259e-01
5.395717632697509814e-01
6.009873150347180282e-01
6.652336449103419813e-01
7.296054664627820152e-01
7.927035161031269483e-01
8.502235713759359603e-01
9.007544909272060529e-01
9.409159150482280243e-01
9.677724208215550128e-01
9.795752631052450088e-01
9.766612008327829608e-01
9.589672412004249802e-01
9.268920614093459909e-01
8.845493932411679916e-01
8.354531140066739914e-01
7.819391433323109597e-01
7.275792970570980067e-01
6.756448799145470252e-01
6.272130306324239513e-01
5.839418196668280103e-01
5.459158182415180249e-01
5.120527772771109598e-01
4.815938305550520049e-01
4.541397438258700237e-01
4.284619676155699830e-01
4.036813059755389732e-01
3.797948595916489922e-01
3.563874816579959970e-01
3.339273695411290044e-01
3.120916229164300004e-01
2.916470030834489857e-01
2.725307397504970197e-01
2.550568884520980073e-01
2.394366083895839992e-01
2.258267746572459878e-01
2.139178486640249954e-01
2.038922646879000045e-01
1.953788119392619871e-01
1.884285872768410031e-01
1.826973240978179980e-01
1.780660189105419955e-01
1.745630723443309940e-01
1.719439841096090105e-01
1.700855634424550122e-01
1.693733428173490041e-01
1.695689511403569993e-01
1.706911401090409897e-01
1.729081288355160118e-01
1.763245788981920026e-01
1.809492896373509907e-01
1.866519094466350115e-01
1.938275185904360098e-01
2.022649531304009929e-01
2.117648018102520069e-01
2.225281952975859956e-01
2.343777712577460037e-01
2.471306247831160097e-01
2.607731421817249817e-01
2.756174269505389796e-01
2.912732030626770108e-01
3.076978898025309883e-01
3.247706024401840197e-01
3.424307266695469920e-01
3.606915885194290072e-01
3.795060794035149954e-01
3.985350674407460159e-01
4.179138039686500217e-01
4.377501061911189817e-01
4.579314740369609948e-01
4.782134476733400086e-01
4.987269248725589854e-01
5.192457551022959805e-01
5.395885932723090139e-01
5.596798538508469534e-01
5.797090146517429599e-01
5.993685196203409893e-01
6.183796460082230384e-01
6.371145960577579981e-01
6.552657724694319619e-01
6.729940065348699596e-01
6.903618299205149800e-01
7.070910850900850031e-01
7.234168045372489919e-01
7.389388812480519597e-01
7.538942032092279533e-01
7.685741490347880456e-01
7.828803187458309720e-01
7.967320783877890333e-01
8.100636502978469933e-01
8.227504839453909646e-01
8.347143396791070202e-01
8.460887512641419583e-01
8.572760183907810472e-01
8.678784999357239682e-01
8.779880185056539998e-01
8.878855240711680530e-01
8.975273020771979970e-01
9.067082965018420371e-01
9.156266993824430100e-01
9.242492351842379605e-01
9.322471376201210136e-01
9.398861235170620221e-01
9.468328026981750467e-01
9.534031183725489855e-01
9.593928170853680548e-01
9.648718447255280051e-01
9.700913402966989674e-01
9.745238670866529507e-01
9.787025094630089628e-01
9.826889208657709762e-01
9.860449993627790066e-01
9.892043900774799559e-01
9.918581481595050153e-01
9.941548800042160350e-01
9.960311042626750488e-01
9.975106712321210045e-01
9.985197964937130299e-01
9.993044420336759659e-01
9.997426935769530010e-01
9.999386907049649942e-01
1.000000000000000000e+00
9.995495037261530324e-01
9.988716692257799679e-01
9.977347004128149788e-01
9.963726802297839802e-01
9.947482707863940510e-01
9.927949328348929514e-01
9.908962971204170467e-01
9.884368558982910002e-01
9.860602616667819564e-01
9.834017890613749868e-01
9.801670065606580273e-01
9.768375655410860281e-01
9.731381479250870159e-01
9.692515955708169706e-01
9.653974293598639456e-01
9.610228615742569813e-01
9.565173968044640151e-01
9.515785970357549806e-01
9.461690492438979971e-01
9.408071358445849741e-01
9.349554894415590400e-01
9.288801932054240318e-01
9.227429626964810394e-01
9.163929631150109500e-01
9.098162093026379571e-01
9.030659063344169679e-01
8.962623982911419596e-01
8.891410326995440316e-01
8.815290390646050023e-01
8.737573892223560179e-01
8.649585218132249675e-01
8.562920779733339538e-01
8.473065368751080406e-01
8.384180619969959780e-01
8.295317079450990061e-01
8.206506713270470543e-01
8.119480300039739751e-01
8.031153215852340210e-01
7.945304219764890430e-01
7.859461985732040246e-01
7.772408010657949617e-01
7.684151826936570506e-01
7.594752957095139978e-01
7.504834023781800090e-01
7.414646554936550338e-01
7.323619054490380087e-01
7.231417005651360475e-01
7.141002188334060197e-01
7.048502301726550234e-01
6.956937935127329720e-01
6.863410264752179968e-01
6.768111248830479543e-01
6.672081672177420097e-01
6.575301450843740181e-01
6.476714029975429998e-01
6.380320531838460374e-01
6.283685325300080171e-01
6.185311790807109800e-01
6.087376236855349676e-01
5.988135567271070103e-01
5.891030555665379698e-01
5.793651231932109846e-01
5.695231448275029917e-01
5.598830086688210139e-01
5.499915773864659796e-01
5.401817113655720259e-01
5.303840569466290455e-01
5.205937194590140038e-01
5.109190171493409593e-01
5.012293671400279704e-01
4.916744351610630170e-01
4.822073796945189894e-01
4.729530745619530130e-01
4.642965310116889954e-01
4.557871155336050140e-01
4.474217520399459969e-01
4.390797946109930017e-01
4.307424835331929991e-01
4.225176684546390060e-01
4.144715406688759818e-01
4.068917886612539725e-01
3.995551244279009762e-01
3.922781803528280209e-01
3.849715580569009754e-01
3.773641923041859969e-01
3.695513554021039870e-01
3.619870408577660070e-01
3.543494410638000081e-01
3.470120955022190090e-01
3.395774213808440134e-01
3.322021403694159769e-01
3.248739371973229928e-01
3.178746456994119840e-01
3.110326066170330250e-01
3.043322685727030130e-01
2.978321641860460223e-01
2.915612342688529979e-01
2.851714248434549792e-01
2.789177343908190165e-01
2.725681265663399966e-01
2.662821413713640228e-01
2.602879768486919820e-01
2.544817629326019959e-01
2.488870503386099997e-01
2.432010454239950104e-01
2.375943293742300011e-01
2.321516516559130050e-01
2.268921293631150082e-01
2.216736798115239993e-01
2.165720714454600071e-01
2.115055109054470028e-01
2.065717904966510032e-01
2.016729414480069871e-01
1.967708329704140058e-01
1.920319450686230056e-01
1.874497796454279996e-01
1.829314637364629903e-01
1.784574303876849954e-01
1.740259979828840120e-01
1.697971899509919946e-01
1.656580888776409966e-01
1.618222675707919889e-01
1.578143353927929926e-01
1.539291791277860033e-01
1.500994227745729992e-01
1.465422958542549892e-01
1.430342472144250088e-01
1.396410674941979957e-01
1.361937750251999979e-01
1.328410371367780007e-01
1.293790357161200000e-01
1.262768690232770052e-01
1.229982364318950028e-01
1.198034562833590055e-01
1.167547795184669945e-01
1.137701183533569999e-01
1.108913886291049977e-01
1.078989525841110020e-01
1.050753736433260033e-01
1.021288083516059958e-01
9.941629912343029341e-02
9.670493173342159521e-02
9.409074515177300035e-02
9.162274430452030383e-02
8.919245664186629952e-02
8.685411740067479347e-02
8.479383651384579668e-02
8.262504986010940633e-02
8.070817208266439780e-02
7.870125794366909788e-02
7.678899042432620059e-02
7.477507024314740403e-02
7.285120580016650471e-02
7.100246600429760413e-02
6.907674693932419618e-02
6.731613490520869936e-02
6.553266673110530460e-02
6.369440693354019856e-02
6.192831961240820304e-02
6.008700107260180057e-02
5.822236965754069848e-02
5.656068371412310142e-02
5.485095752491499915e-02
5.333967242878719789e-02
5.162950403679809896e-02
5.022377253689869897e-02
4.882392157276180256e-02
4.750452646353769959e-02
4.629863117535189948e-02
4.511859333147560241e-02
4.393593133588449828e-02
4.283136774920630330e-02
4.167366758158790041e-02
4.065460677452060329e-02
3.957259539127110093e-02
3.852254717242049875e-02
3.756079999791540197e-02
3.653293914789849939e-02
3.553815589633139982e-02
3.464766329877760204e-02
3.381741823505440142e-02
3.289133350379999654e-02
3.204640758455540306e-02
3.121219695147929921e-02
3.042519143067860116e-02
2.963237513004699994e-02
2.892367424105229956e-02
2.819201091731669828e-02
2.750515830582120000e-02
2.685171158854929990e-02
2.612438531218350124e-02
2.545768247661329975e-02
2.476373939611219849e-02
2.418452433930340026e-02
2.353871506612020131e-02
2.286697015001380034e-02
2.228444860668250121e-02
2.168465901015039984e-02
2.113748393230810083e-02
2.054829709898330081e-02
2.004125285775200035e-02
1.949706358291300110e-02
1.888616604628750098e-02
1.846727046590819835e-02
1.799984551778899960e-02
1.751097601846560159e-02
1.701396500540440157e-02
1.661365190696199867e-02
1.619543783096270145e-02
1.576750345965330022e-02
1.530005013858579989e-02
1.483139823345440075e-02
1.448368982697349934e-02
1.411400830202030020e-02
1.368184539256809933e-02
1.336354796917690012e-02
1.298771297453820035e-02
1.258352994433980035e-02
1.223367626615110004e-02
1.190649049765860057e-02
1.157615962243799951e-02
1.124914215397109993e-02
1.086583884569710008e-02
1.066544610898110049e-02
1.031886376253979970e-02
