   4.6980296e-01  -1.4779872e-01   3.4888503e-02  -1.7672277e-03  -3.8052178e-03   2.8410838e-03   2.8129280e-05
  -3.2369130e-01   1.8964745e-01   1.3659259e-01   9.8619036e-04   4.0846137e-03  -3.1007148e-03  -2.2766764e-05
  -1.1539110e-01   1.1998264e-01  -9.2973800e-02   6.8495324e-04   1.9196436e-03  -1.6425638e-03  -1.0112449e-05
  -7.7413663e-02   1.0403827e-01   1.0931226e-02  -6.5246897e-04  -2.2366525e-03   6.4244148e-04   2.1714938e-05
  -1.1340054e-02   3.5555756e-03   1.7555528e-02   2.0216659e-04  -2.3291528e-03   1.8373573e-03   4.8235320e-06
  -4.9290252e-02   4.7923605e-02  -1.6614303e-02  -1.1800311e-04  -3.6295956e-03   5.1132051e-03  -7.5004917e-06
   8.0482739e-03  -1.8428548e-03  -9.0708170e-03  -1.2487274e-04   7.3382881e-04  -1.5959940e-04  -6.5402831e-06
  -5.9450527e-03   9.6485596e-03   1.2404680e-02  -5.2666155e-05  -5.9965727e-04  -1.6745861e-04   7.4041821e-06
   1.0969185e-02  -1.5011548e-02   8.9641873e-03   1.4636762e-04   1.2133648e-03  -1.5312402e-03  -1.9367153e-06
  -1.0612134e-02   1.1043612e-02   2.8754620e-03  -2.3324039e-05  -9.5729083e-04   9.0436442e-04   1.6357414e-06
   7.2833440e-03  -3.5153118e-03  -2.2250011e-03  -7.2632520e-05   5.7665973e-04  -6.1719616e-04   4.1107532e-07
  -2.5570739e-03   2.0009966e-03   5.1788846e-04   8.2912327e-06  -2.1332238e-04   2.3440092e-04  -8.9323685e-08
